x, y, z, wartosc
1.4, 0.0, 2.4, 3.8
1.04, -0.38, 2.4, 3.07
0.79, -0.67, 2.39, 2.52
0.62, -0.87, 2.36, 2.11
0.52, -0.99, 2.28, 1.81
0.46, -1.03, 2.15, 1.58
0.41, -0.98, 1.94, 1.37
0.37, -0.85, 1.63, 1.15
0.3, -0.65, 1.22, 0.87
0.18, -0.36, 0.68, 0.5
0.0, 0.0, 0.0, 0.0
1.38, -0.23, 2.4, 3.55
1.11, -0.45, 2.41, 3.06
0.9, -0.64, 2.4, 2.67
0.74, -0.78, 2.37, 2.33
0.62, -0.87, 2.3, 2.05
0.53, -0.91, 2.16, 1.78
0.45, -0.88, 1.95, 1.52
0.36, -0.78, 1.64, 1.23
0.27, -0.6, 1.22, 0.89
0.15, -0.34, 0.68, 0.49
0.0, 0.0, 0.0, 0.0
1.33, -0.44, 2.38, 3.28
1.14, -0.54, 2.4, 3.0
0.98, -0.64, 2.4, 2.73
0.84, -0.72, 2.37, 2.48
0.71, -0.78, 2.29, 2.23
0.6, -0.8, 2.16, 1.96
0.5, -0.77, 1.94, 1.66
0.39, -0.69, 1.63, 1.33
0.27, -0.54, 1.22, 0.95
0.15, -0.31, 0.68, 0.51
0.0, 0.0, 0.0, 0.0
1.25, -0.61, 2.34, 2.97
1.13, -0.62, 2.36, 2.86
1.01, -0.65, 2.36, 2.72
0.9, -0.68, 2.33, 2.55
0.79, -0.7, 2.26, 2.34
0.67, -0.7, 2.12, 2.09
0.55, -0.67, 1.91, 1.79
0.43, -0.6, 1.61, 1.44
0.29, -0.47, 1.2, 1.02
0.15, -0.27, 0.67, 0.55
0.0, 0.0, 0.0, 0.0
1.13, -0.74, 2.25, 2.64
1.08, -0.69, 2.27, 2.66
1.01, -0.66, 2.28, 2.62
0.92, -0.65, 2.25, 2.53
0.83, -0.63, 2.18, 2.37
0.72, -0.61, 2.05, 2.15
0.6, -0.57, 1.84, 1.87
0.47, -0.5, 1.55, 1.51
0.32, -0.39, 1.15, 1.09
0.17, -0.23, 0.64, 0.58
0.0, 0.0, 0.0, 0.0
0.99, -0.82, 2.1, 2.27
0.99, -0.73, 2.12, 2.38
0.95, -0.66, 2.13, 2.43
0.9, -0.61, 2.11, 2.4
0.83, -0.57, 2.04, 2.31
0.74, -0.52, 1.92, 2.13
0.63, -0.47, 1.72, 1.88
0.5, -0.4, 1.45, 1.54
0.35, -0.31, 1.08, 1.12
0.18, -0.18, 0.6, 0.61
0.0, 0.0, 0.0, 0.0
0.83, -0.83, 1.88, 1.88
0.86, -0.72, 1.91, 2.05
0.86, -0.63, 1.91, 2.14
0.84, -0.56, 1.89, 2.17
0.79, -0.49, 1.83, 2.13
0.72, -0.44, 1.72, 2.0
0.62, -0.38, 1.55, 1.79
0.5, -0.31, 1.3, 1.49
0.36, -0.23, 0.97, 1.1
0.19, -0.13, 0.54, 0.6
0.0, 0.0, 0.0, 0.0
0.65, -0.77, 1.58, 1.46
0.69, -0.66, 1.6, 1.64
0.72, -0.56, 1.6, 1.76
0.72, -0.48, 1.59, 1.83
0.69, -0.41, 1.54, 1.82
0.64, -0.34, 1.44, 1.74
0.57, -0.28, 1.3, 1.58
0.47, -0.22, 1.09, 1.34
0.34, -0.15, 0.81, 1.0
0.18, -0.08, 0.45, 0.55
0.0, 0.0, 0.0, 0.0
0.45, -0.61, 1.17, 1.0
0.5, -0.52, 1.19, 1.16
0.53, -0.44, 1.19, 1.28
0.54, -0.37, 1.18, 1.35
0.53, -0.3, 1.14, 1.37
0.51, -0.24, 1.07, 1.34
0.45, -0.19, 0.96, 1.23
0.38, -0.13, 0.81, 1.05
0.28, -0.09, 0.6, 0.79
0.15, -0.04, 0.33, 0.45
0.0, 0.0, 0.0, 0.0
0.23, -0.36, 0.65, 0.52
0.26, -0.31, 0.66, 0.61
0.29, -0.26, 0.66, 0.69
0.3, -0.21, 0.66, 0.75
0.31, -0.17, 0.63, 0.77
0.3, -0.13, 0.6, 0.76
0.27, -0.09, 0.54, 0.71
0.23, -0.06, 0.45, 0.62
0.17, -0.03, 0.33, 0.47
0.1, -0.01, 0.19, 0.27
0.0, 0.0, 0.0, 0.0
0.0, 0.0, 0.0, 0.0
0.0, 0.0, 0.0, 0.0
0.0, 0.0, 0.0, 0.0
0.0, 0.0, 0.0, 0.0
0.0, 0.0, 0.0, 0.0
0.0, 0.0, 0.0, 0.0
0.0, 0.0, 0.0, 0.0
0.0, 0.0, 0.0, 0.0
0.0, 0.0, 0.0, 0.0
0.0, 0.0, 0.0, 0.0
0.0, 0.0, 0.0, 0.0
1.44, -0.81, 2.53, 3.16
1.41, -0.63, 2.49, 3.28
1.31, -0.56, 2.45, 3.2
1.15, -0.56, 2.38, 2.98
0.96, -0.61, 2.27, 2.63
0.74, -0.66, 2.12, 2.2
0.52, -0.7, 1.89, 1.71
0.32, -0.68, 1.58, 1.22
0.16, -0.58, 1.17, 0.75
0.04, -0.37, 0.65, 0.33
0.0, 0.0, 0.0, 0.0
1.24, -0.97, 2.53, 2.8
1.27, -0.81, 2.49, 2.95
1.2, -0.73, 2.45, 2.91
1.08, -0.72, 2.38, 2.73
0.9, -0.74, 2.27, 2.43
0.7, -0.77, 2.11, 2.05
0.5, -0.77, 1.89, 1.62
0.3, -0.72, 1.58, 1.16
0.14, -0.6, 1.17, 0.72
0.04, -0.37, 0.65, 0.32
0.0, 0.0, 0.0, 0.0
1.05, -1.1, 2.51, 2.45
1.11, -0.96, 2.47, 2.62
1.07, -0.88, 2.43, 2.62
0.97, -0.86, 2.36, 2.48
0.82, -0.85, 2.26, 2.22
0.64, -0.85, 2.1, 1.88
0.44, -0.83, 1.87, 1.49
0.26, -0.75, 1.57, 1.08
0.12, -0.61, 1.16, 0.67
0.02, -0.36, 0.65, 0.3
0.0, 0.0, 0.0, 0.0
0.85, -1.18, 2.46, 2.13
0.94, -1.06, 2.43, 2.31
0.93, -0.99, 2.38, 2.32
0.85, -0.96, 2.32, 2.21
0.72, -0.94, 2.21, 1.99
0.55, -0.92, 2.06, 1.69
0.37, -0.87, 1.84, 1.35
0.21, -0.77, 1.54, 0.98
0.08, -0.61, 1.14, 0.61
0.0, -0.36, 0.63, 0.28
0.0, 0.0, 0.0, 0.0
0.66, -1.21, 2.37, 1.82
0.77, -1.11, 2.33, 1.99
0.78, -1.05, 2.29, 2.02
0.72, -1.02, 2.23, 1.93
0.6, -0.99, 2.13, 1.74
0.45, -0.95, 1.98, 1.49
0.29, -0.88, 1.77, 1.18
0.15, -0.77, 1.48, 0.86
0.04, -0.6, 1.1, 0.53
-0.02, -0.35, 0.61, 0.24
0.0, 0.0, 0.0, 0.0
0.48, -1.18, 2.21, 1.52
0.6, -1.11, 2.18, 1.68
0.63, -1.06, 2.14, 1.71
0.58, -1.03, 2.08, 1.64
0.48, -0.99, 1.99, 1.48
0.35, -0.94, 1.85, 1.26
0.21, -0.86, 1.65, 1.0
0.08, -0.74, 1.38, 0.72
-0.01, -0.57, 1.03, 0.45
-0.04, -0.33, 0.57, 0.2
0.0, 0.0, 0.0, 0.0
0.32, -1.09, 1.98, 1.22
0.44, -1.04, 1.95, 1.36
0.48, -1.0, 1.92, 1.39
0.44, -0.97, 1.87, 1.33
0.36, -0.94, 1.78, 1.2
0.25, -0.88, 1.66, 1.02
0.13, -0.8, 1.48, 0.81
0.03, -0.68, 1.24, 0.58
-0.04, -0.52, 0.92, 0.36
-0.06, -0.29, 0.51, 0.16
0.0, 0.0, 0.0, 0.0
0.19, -0.93, 1.66, 0.93
0.3, -0.9, 1.64, 1.04
0.33, -0.88, 1.61, 1.06
0.31, -0.85, 1.56, 1.02
0.24, -0.82, 1.49, 0.92
0.15, -0.77, 1.39, 0.78
0.06, -0.69, 1.24, 0.61
-0.02, -0.59, 1.04, 0.44
-0.06, -0.44, 0.77, 0.27
-0.07, -0.25, 0.43, 0.12
0.0, 0.0, 0.0, 0.0
0.09, -0.7, 1.24, 0.63
0.17, -0.69, 1.22, 0.7
0.2, -0.67, 1.19, 0.72
0.18, -0.66, 1.16, 0.69
0.14, -0.63, 1.11, 0.62
0.08, -0.59, 1.03, 0.52
0.01, -0.53, 0.92, 0.41
-0.04, -0.44, 0.77, 0.29
-0.07, -0.33, 0.57, 0.17
-0.06, -0.18, 0.32, 0.07
0.0, 0.0, 0.0, 0.0
0.02, -0.39, 0.69, 0.32
0.07, -0.39, 0.68, 0.36
0.09, -0.38, 0.66, 0.37
0.08, -0.38, 0.65, 0.35
0.06, -0.36, 0.62, 0.31
0.02, -0.34, 0.57, 0.26
-0.01, -0.3, 0.51, 0.2
-0.04, -0.25, 0.43, 0.14
-0.05, -0.19, 0.32, 0.08
-0.04, -0.1, 0.18, 0.03
0.0, 0.0, 0.0, 0.0
0.0, 0.0, 0.0, 0.0
0.0, 0.0, 0.0, 0.0
0.0, 0.0, 0.0, 0.0
0.0, 0.0, 0.0, 0.0
0.0, 0.0, 0.0, 0.0
0.0, 0.0, 0.0, 0.0
0.0, 0.0, 0.0, 0.0
0.0, 0.0, 0.0, 0.0
0.0, 0.0, 0.0, 0.0
0.0, 0.0, 0.0, 0.0
0.0, 0.0, 0.0, 0.0
-1.4, -0.78, 2.4, 0.22
-1.2, -0.94, 2.43, 0.3
-1.0, -1.05, 2.44, 0.39
-0.81, -1.13, 2.42, 0.48
-0.63, -1.16, 2.34, 0.55
-0.46, -1.14, 2.2, 0.6
-0.31, -1.06, 1.98, 0.61
-0.18, -0.91, 1.66, 0.57
-0.08, -0.69, 1.23, 0.46
-0.02, -0.39, 0.69, 0.28
0.0, 0.0, 0.0, 0.0
-1.36, -0.61, 2.4, 0.43
-1.22, -0.76, 2.43, 0.45
-1.07, -0.89, 2.44, 0.48
-0.91, -0.99, 2.42, 0.52
-0.75, -1.04, 2.34, 0.55
-0.6, -1.04, 2.2, 0.56
-0.45, -0.99, 1.97, 0.54
-0.31, -0.86, 1.66, 0.49
-0.19, -0.66, 1.23, 0.38
-0.08, -0.38, 0.69, 0.23
0.0, 0.0, 0.0, 0.0
-1.25, -0.53, 2.39, 0.61
-1.18, -0.66, 2.42, 0.59
-1.08, -0.78, 2.43, 0.58
-0.97, -0.87, 2.4, 0.57
-0.84, -0.93, 2.32, 0.55
-0.71, -0.94, 2.18, 0.53
-0.57, -0.9, 1.96, 0.49
-0.42, -0.8, 1.65, 0.42
-0.28, -0.62, 1.22, 0.32
-0.14, -0.36, 0.68, 0.18
0.0, 0.0, 0.0, 0.0
-1.1, -0.52, 2.36, 0.74
-1.08, -0.61, 2.39, 0.69
-1.04, -0.69, 2.39, 0.65
-0.98, -0.77, 2.36, 0.61
-0.89, -0.82, 2.28, 0.57
-0.78, -0.84, 2.14, 0.52
-0.66, -0.81, 1.92, 0.45
-0.51, -0.73, 1.62, 0.37
-0.35, -0.57, 1.2, 0.27
-0.18, -0.33, 0.67, 0.15
0.0, 0.0, 0.0, 0.0
-0.91, -0.55, 2.28, 0.82
-0.96, -0.58, 2.3, 0.77
-0.97, -0.63, 2.31, 0.71
-0.95, -0.68, 2.28, 0.64
-0.9, -0.72, 2.2, 0.58
-0.82, -0.74, 2.06, 0.51
-0.71, -0.71, 1.85, 0.43
-0.57, -0.64, 1.55, 0.34
-0.41, -0.51, 1.16, 0.24
-0.22, -0.3, 0.64, 0.13
0.0, 0.0, 0.0, 0.0
-0.7, -0.6, 2.15, 0.85
-0.8, -0.57, 2.16, 0.79
-0.86, -0.58, 2.16, 0.73
-0.88, -0.6, 2.13, 0.65
-0.87, -0.62, 2.06, 0.57
-0.81, -0.63, 1.93, 0.49
-0.72, -0.61, 1.73, 0.4
-0.6, -0.55, 1.45, 0.31
-0.43, -0.44, 1.08, 0.21
-0.23, -0.26, 0.6, 0.1
0.0, 0.0, 0.0, 0.0
-0.49, -0.63, 1.94, 0.82
-0.63, -0.55, 1.95, 0.77
-0.72, -0.52, 1.94, 0.7
-0.78, -0.51, 1.92, 0.63
-0.79, -0.51, 1.85, 0.55
-0.76, -0.51, 1.73, 0.46
-0.69, -0.5, 1.55, 0.37
-0.58, -0.45, 1.3, 0.27
-0.43, -0.36, 0.97, 0.18
-0.24, -0.22, 0.54, 0.09
0.0, 0.0, 0.0, 0.0
-0.3, -0.61, 1.63, 0.72
-0.45, -0.51, 1.64, 0.68
-0.56, -0.44, 1.64, 0.63
-0.63, -0.41, 1.61, 0.56
-0.66, -0.4, 1.55, 0.49
-0.66, -0.39, 1.45, 0.4
-0.61, -0.38, 1.3, 0.32
-0.52, -0.34, 1.09, 0.23
-0.39, -0.28, 0.81, 0.15
-0.21, -0.17, 0.45, 0.07
0.0, 0.0, 0.0, 0.0
-0.15, -0.52, 1.22, 0.56
-0.28, -0.41, 1.22, 0.53
-0.38, -0.34, 1.22, 0.49
-0.45, -0.3, 1.2, 0.44
-0.49, -0.28, 1.15, 0.38
-0.5, -0.27, 1.08, 0.31
-0.47, -0.26, 0.97, 0.24
-0.4, -0.23, 0.81, 0.18
-0.31, -0.19, 0.6, 0.11
-0.17, -0.11, 0.33, 0.05
0.0, 0.0, 0.0, 0.0
-0.04, -0.33, 0.68, 0.32
-0.13, -0.25, 0.68, 0.31
-0.19, -0.2, 0.68, 0.29
-0.24, -0.17, 0.67, 0.26
-0.27, -0.15, 0.64, 0.22
-0.28, -0.14, 0.6, 0.18
-0.27, -0.13, 0.54, 0.14
-0.23, -0.12, 0.45, 0.1
-0.18, -0.1, 0.33, 0.06
-0.1, -0.06, 0.19, 0.03
0.0, 0.0, 0.0, 0.0
0.0, 0.0, 0.0, 0.0
0.0, 0.0, 0.0, 0.0
0.0, 0.0, 0.0, 0.0
0.0, 0.0, 0.0, 0.0
0.0, 0.0, 0.0, 0.0
0.0, 0.0, 0.0, 0.0
0.0, 0.0, 0.0, 0.0
0.0, 0.0, 0.0, 0.0
0.0, 0.0, 0.0, 0.0
0.0, 0.0, 0.0, 0.0
0.0, 0.0, 0.0, 0.0
-1.44, 0.0, 2.53, 1.09
-1.45, -0.18, 2.49, 0.86
-1.45, -0.25, 2.45, 0.75
-1.42, -0.22, 2.38, 0.74
-1.36, -0.14, 2.27, 0.78
-1.27, -0.02, 2.12, 0.83
-1.13, 0.1, 1.89, 0.86
-0.94, 0.19, 1.58, 0.83
-0.69, 0.22, 1.17, 0.7
-0.38, 0.17, 0.65, 0.44
0.0, 0.0, 0.0, 0.0
-1.07, -0.41, 2.49, 1.02
-1.18, -0.42, 2.46, 0.87
-1.24, -0.35, 2.43, 0.84
-1.26, -0.23, 2.37, 0.88
-1.23, -0.08, 2.26, 0.96
-1.15, 0.08, 2.11, 1.04
-1.02, 0.21, 1.89, 1.07
-0.85, 0.29, 1.58, 1.02
-0.62, 0.3, 1.17, 0.86
-0.34, 0.21, 0.65, 0.53
0.0, 0.0, 0.0, 0.0
-0.82, -0.72, 2.45, 0.91
-0.98, -0.6, 2.43, 0.84
-1.08, -0.43, 2.4, 0.88
-1.12, -0.23, 2.34, 0.98
-1.11, -0.03, 2.24, 1.1
-1.04, 0.15, 2.09, 1.2
-0.92, 0.29, 1.87, 1.25
-0.75, 0.37, 1.57, 1.19
-0.54, 0.37, 1.16, 0.99
-0.29, 0.25, 0.65, 0.61
0.0, 0.0, 0.0, 0.0
-0.65, -0.95, 2.38, 0.78
-0.85, -0.73, 2.37, 0.79
-0.97, -0.48, 2.34, 0.89
-1.01, -0.23, 2.29, 1.04
-1.0, 0.0, 2.2, 1.2
-0.93, 0.21, 2.05, 1.32
-0.81, 0.35, 1.83, 1.37
-0.65, 0.43, 1.54, 1.31
-0.46, 0.41, 1.14, 1.09
-0.24, 0.27, 0.63, 0.66
0.0, 0.0, 0.0, 0.0
-0.55, -1.08, 2.27, 0.64
-0.75, -0.8, 2.26, 0.71
-0.87, -0.51, 2.24, 0.86
-0.92, -0.23, 2.2, 1.05
-0.9, 0.03, 2.11, 1.24
-0.83, 0.24, 1.97, 1.38
-0.71, 0.39, 1.76, 1.44
-0.56, 0.46, 1.48, 1.37
-0.38, 0.43, 1.1, 1.14
-0.19, 0.28, 0.61, 0.7
0.0, 0.0, 0.0, 0.0
-0.49, -1.13, 2.12, 0.5
-0.68, -0.81, 2.11, 0.61
-0.79, -0.51, 2.09, 0.8
-0.82, -0.22, 2.05, 1.01
-0.79, 0.04, 1.97, 1.22
-0.72, 0.25, 1.84, 1.37
-0.6, 0.39, 1.65, 1.44
-0.46, 0.46, 1.38, 1.38
-0.31, 0.42, 1.02, 1.14
-0.15, 0.28, 0.57, 0.7
0.0, 0.0, 0.0, 0.0
-0.45, -1.08, 1.89, 0.36
-0.62, -0.77, 1.89, 0.5
-0.7, -0.47, 1.87, 0.7
-0.72, -0.19, 1.83, 0.92
-0.68, 0.05, 1.76, 1.13
-0.6, 0.24, 1.65, 1.29
-0.49, 0.37, 1.48, 1.36
-0.37, 0.43, 1.24, 1.3
-0.23, 0.39, 0.92, 1.08
-0.11, 0.25, 0.51, 0.66
0.0, 0.0, 0.0, 0.0
-0.41, -0.95, 1.58, 0.23
-0.53, -0.67, 1.58, 0.38
-0.59, -0.41, 1.57, 0.57
-0.59, -0.16, 1.54, 0.78
-0.55, 0.05, 1.48, 0.97
-0.47, 0.21, 1.38, 1.12
-0.38, 0.32, 1.24, 1.18
-0.27, 0.37, 1.04, 1.13
-0.17, 0.34, 0.77, 0.94
-0.07, 0.22, 0.43, 0.57
0.0, 0.0, 0.0, 0.0
-0.33, -0.72, 1.17, 0.12
-0.41, -0.51, 1.17, 0.25
-0.45, -0.31, 1.16, 0.41
-0.44, -0.12, 1.14, 0.58
-0.4, 0.04, 1.1, 0.74
-0.33, 0.16, 1.02, 0.85
-0.26, 0.24, 0.92, 0.9
-0.18, 0.28, 0.77, 0.87
-0.1, 0.25, 0.57, 0.72
-0.04, 0.16, 0.32, 0.44
0.0, 0.0, 0.0, 0.0
-0.21, -0.41, 0.65, 0.04
-0.24, -0.29, 0.65, 0.12
-0.25, -0.17, 0.65, 0.22
-0.24, -0.07, 0.63, 0.32
-0.22, 0.02, 0.61, 0.41
-0.18, 0.09, 0.57, 0.48
-0.13, 0.14, 0.51, 0.51
-0.09, 0.16, 0.43, 0.5
-0.05, 0.14, 0.32, 0.41
-0.02, 0.09, 0.18, 0.25
0.0, 0.0, 0.0, 0.0
0.0, 0.0, 0.0, 0.0
0.0, 0.0, 0.0, 0.0
0.0, 0.0, 0.0, 0.0
0.0, 0.0, 0.0, 0.0
0.0, 0.0, 0.0, 0.0
0.0, 0.0, 0.0, 0.0
0.0, 0.0, 0.0, 0.0
0.0, 0.0, 0.0, 0.0
0.0, 0.0, 0.0, 0.0
0.0, 0.0, 0.0, 0.0
0.0, 0.0, 0.0, 0.0
-1.34, 0.0, 2.53, 1.19
-1.0, 0.36, 2.53, 1.9
-0.76, 0.65, 2.51, 2.4
-0.61, 0.86, 2.46, 2.71
-0.52, 0.99, 2.37, 2.84
-0.47, 1.04, 2.21, 2.79
-0.43, 1.01, 1.98, 2.56
-0.39, 0.89, 1.66, 2.16
-0.32, 0.68, 1.24, 1.6
-0.2, 0.39, 0.69, 0.87
0.0, 0.0, 0.0, 0.0
-1.32, 0.22, 2.53, 1.43
-1.07, 0.44, 2.53, 1.89
-0.89, 0.63, 2.51, 2.25
-0.74, 0.78, 2.46, 2.5
-0.63, 0.88, 2.37, 2.61
-0.55, 0.93, 2.21, 2.59
-0.47, 0.9, 1.98, 2.42
-0.39, 0.81, 1.66, 2.08
-0.29, 0.63, 1.23, 1.58
-0.16, 0.37, 0.68, 0.89
0.0, 0.0, 0.0, 0.0
-1.27, 0.42, 2.51, 1.66
-1.11, 0.52, 2.51, 1.92
-0.97, 0.63, 2.49, 2.15
-0.85, 0.72, 2.44, 2.32
-0.73, 0.79, 2.35, 2.4
-0.63, 0.82, 2.19, 2.39
-0.52, 0.8, 1.96, 2.25
-0.41, 0.72, 1.64, 1.96
-0.29, 0.57, 1.22, 1.5
-0.16, 0.33, 0.68, 0.86
0.0, 0.0, 0.0, 0.0
-1.19, 0.58, 2.46, 1.86
-1.1, 0.6, 2.46, 1.96
-1.01, 0.64, 2.44, 2.07
-0.91, 0.68, 2.39, 2.16
-0.81, 0.71, 2.3, 2.2
-0.7, 0.72, 2.15, 2.17
-0.58, 0.7, 1.92, 2.04
-0.45, 0.63, 1.61, 1.79
-0.31, 0.5, 1.19, 1.38
-0.16, 0.29, 0.66, 0.79
0.0, 0.0, 0.0, 0.0
-1.08, 0.71, 2.37, 2.0
-1.06, 0.67, 2.37, 1.98
-1.01, 0.65, 2.35, 1.99
-0.94, 0.65, 2.3, 2.0
-0.86, 0.65, 2.21, 2.0
-0.75, 0.63, 2.06, 1.94
-0.63, 0.6, 1.84, 1.81
-0.49, 0.53, 1.54, 1.58
-0.34, 0.41, 1.14, 1.21
-0.18, 0.24, 0.63, 0.7
0.0, 0.0, 0.0, 0.0
-0.95, 0.78, 2.21, 2.05
-0.97, 0.7, 2.21, 1.94
-0.96, 0.65, 2.19, 1.88
-0.93, 0.61, 2.15, 1.83
-0.86, 0.58, 2.06, 1.78
-0.77, 0.54, 1.92, 1.69
-0.66, 0.5, 1.72, 1.55
-0.52, 0.43, 1.43, 1.34
-0.37, 0.33, 1.06, 1.02
-0.19, 0.19, 0.59, 0.59
0.0, 0.0, 0.0, 0.0
-0.79, 0.79, 1.98, 1.98
-0.85, 0.7, 1.98, 1.83
-0.87, 0.62, 1.96, 1.71
-0.86, 0.56, 1.92, 1.62
-0.82, 0.5, 1.84, 1.53
-0.75, 0.45, 1.72, 1.42
-0.65, 0.39, 1.53, 1.27
-0.53, 0.33, 1.28, 1.08
-0.37, 0.24, 0.95, 0.81
-0.2, 0.14, 0.52, 0.46
0.0, 0.0, 0.0, 0.0
-0.62, 0.73, 1.66, 1.78
-0.69, 0.64, 1.66, 1.61
-0.73, 0.55, 1.64, 1.47
-0.74, 0.48, 1.61, 1.35
-0.72, 0.42, 1.54, 1.23
-0.67, 0.35, 1.43, 1.11
-0.6, 0.29, 1.28, 0.98
-0.49, 0.23, 1.07, 0.81
-0.35, 0.16, 0.79, 0.6
-0.19, 0.09, 0.44, 0.33
0.0, 0.0, 0.0, 0.0
-0.43, 0.59, 1.24, 1.39
-0.49, 0.51, 1.23, 1.25
-0.54, 0.44, 1.22, 1.12
-0.56, 0.37, 1.19, 1.0
-0.56, 0.31, 1.14, 0.89
-0.53, 0.25, 1.06, 0.78
-0.48, 0.19, 0.95, 0.66
-0.4, 0.14, 0.79, 0.53
-0.29, 0.09, 0.58, 0.38
-0.16, 0.05, 0.32, 0.21
0.0, 0.0, 0.0, 0.0
-0.22, 0.35, 0.69, 0.81
-0.26, 0.3, 0.68, 0.72
-0.3, 0.26, 0.68, 0.64
-0.32, 0.21, 0.66, 0.56
-0.32, 0.17, 0.63, 0.48
-0.31, 0.13, 0.59, 0.41
-0.28, 0.1, 0.52, 0.34
-0.24, 0.06, 0.44, 0.26
-0.18, 0.04, 0.32, 0.18
-0.1, 0.02, 0.18, 0.09
0.0, 0.0, 0.0, 0.0
0.0, 0.0, 0.0, 0.0
0.0, 0.0, 0.0, 0.0
0.0, 0.0, 0.0, 0.0
0.0, 0.0, 0.0, 0.0
0.0, 0.0, 0.0, 0.0
0.0, 0.0, 0.0, 0.0
0.0, 0.0, 0.0, 0.0
0.0, 0.0, 0.0, 0.0
0.0, 0.0, 0.0, 0.0
0.0, 0.0, 0.0, 0.0
0.0, 0.0, 0.0, 0.0
-1.5, 0.84, 2.4, 1.74
-1.06, 0.95, 2.4, 2.29
-0.63, 0.97, 2.38, 2.71
-0.25, 0.91, 2.34, 2.99
0.08, 0.79, 2.25, 3.11
0.34, 0.63, 2.1, 3.07
0.51, 0.46, 1.88, 2.85
0.58, 0.29, 1.58, 2.44
0.53, 0.14, 1.17, 1.84
0.34, 0.04, 0.65, 1.03
0.0, 0.0, 0.0, 0.0
-1.3, 1.02, 2.4, 2.12
-0.86, 1.09, 2.4, 2.62
-0.48, 1.09, 2.38, 2.99
-0.15, 1.03, 2.34, 3.22
0.12, 0.92, 2.25, 3.29
0.31, 0.78, 2.11, 3.21
0.43, 0.62, 1.9, 2.95
0.47, 0.45, 1.59, 2.51
0.41, 0.28, 1.18, 1.87
0.26, 0.13, 0.66, 1.04
0.0, 0.0, 0.0, 0.0
-1.09, 1.15, 2.38, 2.44
-0.67, 1.18, 2.38, 2.89
-0.32, 1.16, 2.37, 3.21
-0.03, 1.1, 2.33, 3.4
0.18, 1.01, 2.25, 3.43
0.32, 0.88, 2.11, 3.31
0.4, 0.73, 1.89, 3.02
0.4, 0.57, 1.59, 2.56
0.34, 0.38, 1.19, 1.91
0.2, 0.19, 0.66, 1.06
0.0, 0.0, 0.0, 0.0
-0.88, 1.23, 2.34, 2.68
-0.48, 1.22, 2.34, 3.08
-0.16, 1.19, 2.32, 3.36
0.08, 1.13, 2.29, 3.5
0.25, 1.05, 2.21, 3.51
0.35, 0.94, 2.07, 3.36
0.39, 0.8, 1.87, 3.06
0.37, 0.64, 1.57, 2.58
0.29, 0.45, 1.17, 1.91
0.17, 0.24, 0.65, 1.06
0.0, 0.0, 0.0, 0.0
-0.69, 1.26, 2.25, 2.82
-0.31, 1.22, 2.25, 3.16
-0.02, 1.17, 2.24, 3.39
0.19, 1.11, 2.2, 3.51
0.32, 1.04, 2.13, 3.49
0.39, 0.94, 2.0, 3.33
0.39, 0.82, 1.8, 3.02
0.35, 0.67, 1.52, 2.54
0.26, 0.49, 1.13, 1.89
0.15, 0.27, 0.63, 1.04
0.0, 0.0, 0.0, 0.0
-0.5, 1.23, 2.1, 2.83
-0.15, 1.17, 2.1, 3.11
0.1, 1.11, 2.09, 3.3
0.27, 1.05, 2.06, 3.39
0.38, 0.98, 1.99, 3.35
0.42, 0.9, 1.87, 3.19
0.4, 0.8, 1.69, 2.89
0.34, 0.66, 1.42, 2.43
0.25, 0.49, 1.06, 1.8
0.13, 0.27, 0.59, 1.0
0.0, 0.0, 0.0, 0.0
-0.34, 1.13, 1.88, 2.68
-0.03, 1.05, 1.88, 2.9
0.19, 0.99, 1.88, 3.05
0.33, 0.94, 1.85, 3.11
0.4, 0.88, 1.79, 3.07
0.42, 0.81, 1.68, 2.92
0.4, 0.73, 1.52, 2.64
0.33, 0.61, 1.28, 2.22
0.24, 0.46, 0.95, 1.65
0.12, 0.26, 0.53, 0.91
0.0, 0.0, 0.0, 0.0
-0.2, 0.97, 1.58, 2.35
0.05, 0.89, 1.58, 2.51
0.23, 0.83, 1.57, 2.62
0.34, 0.78, 1.55, 2.67
0.39, 0.73, 1.5, 2.63
0.4, 0.68, 1.41, 2.49
0.37, 0.61, 1.27, 2.25
0.3, 0.52, 1.07, 1.89
0.21, 0.39, 0.8, 1.41
0.11, 0.22, 0.45, 0.78
0.0, 0.0, 0.0, 0.0
-0.09, 0.73, 1.17, 1.81
0.09, 0.66, 1.17, 1.92
0.22, 0.61, 1.17, 1.99
0.29, 0.57, 1.15, 2.01
0.33, 0.53, 1.11, 1.98
0.33, 0.5, 1.05, 1.88
0.3, 0.45, 0.95, 1.7
0.25, 0.39, 0.8, 1.43
0.17, 0.3, 0.6, 1.06
0.09, 0.17, 0.33, 0.59
0.0, 0.0, 0.0, 0.0
-0.02, 0.41, 0.65, 1.03
0.08, 0.36, 0.65, 1.09
0.14, 0.33, 0.65, 1.12
0.19, 0.31, 0.64, 1.13
0.2, 0.29, 0.62, 1.11
0.2, 0.27, 0.58, 1.06
0.18, 0.25, 0.53, 0.96
0.15, 0.21, 0.44, 0.81
0.1, 0.16, 0.33, 0.6
0.05, 0.09, 0.18, 0.33
0.0, 0.0, 0.0, 0.0
0.0, 0.0, 0.0, 0.0
0.0, 0.0, 0.0, 0.0
0.0, 0.0, 0.0, 0.0
0.0, 0.0, 0.0, 0.0
0.0, 0.0, 0.0, 0.0
0.0, 0.0, 0.0, 0.0
0.0, 0.0, 0.0, 0.0
0.0, 0.0, 0.0, 0.0
0.0, 0.0, 0.0, 0.0
0.0, 0.0, 0.0, 0.0
0.0, 0.0, 0.0, 0.0
1.34, 0.75, 2.53, 4.62
1.17, 0.94, 2.53, 4.63
0.99, 1.08, 2.5, 4.57
0.81, 1.17, 2.44, 4.43
0.64, 1.21, 2.33, 4.18
0.47, 1.2, 2.17, 3.83
0.32, 1.11, 1.93, 3.36
0.19, 0.95, 1.61, 2.75
0.09, 0.72, 1.18, 1.99
0.02, 0.4, 0.65, 1.08
0.0, 0.0, 0.0, 0.0
1.3, 0.58, 2.53, 4.41
1.19, 0.77, 2.52, 4.48
1.06, 0.92, 2.5, 4.48
0.92, 1.03, 2.44, 4.39
0.77, 1.09, 2.33, 4.19
0.62, 1.09, 2.16, 3.88
0.47, 1.04, 1.93, 3.43
0.33, 0.9, 1.6, 2.83
0.2, 0.69, 1.18, 2.07
0.09, 0.39, 0.65, 1.13
0.0, 0.0, 0.0, 0.0
1.2, 0.52, 2.51, 4.23
1.15, 0.67, 2.5, 4.33
1.08, 0.81, 2.48, 4.37
0.99, 0.91, 2.42, 4.31
0.87, 0.97, 2.31, 4.16
0.74, 0.99, 2.15, 3.88
0.6, 0.95, 1.91, 3.46
0.45, 0.84, 1.59, 2.88
0.29, 0.65, 1.18, 2.12
0.14, 0.37, 0.65, 1.17
0.0, 0.0, 0.0, 0.0
1.05, 0.53, 2.46, 4.04
1.07, 0.63, 2.46, 4.15
1.05, 0.72, 2.43, 4.21
1.0, 0.81, 2.37, 4.18
0.93, 0.86, 2.27, 4.06
0.82, 0.88, 2.11, 3.81
0.69, 0.85, 1.88, 3.42
0.54, 0.76, 1.56, 2.87
0.37, 0.6, 1.15, 2.12
0.19, 0.35, 0.64, 1.18
0.0, 0.0, 0.0, 0.0
0.87, 0.58, 2.37, 3.81
0.95, 0.61, 2.36, 3.92
0.98, 0.66, 2.34, 3.99
0.98, 0.72, 2.28, 3.98
0.94, 0.76, 2.18, 3.88
0.86, 0.77, 2.03, 3.66
0.75, 0.75, 1.8, 3.3
0.6, 0.68, 1.5, 2.78
0.43, 0.53, 1.11, 2.07
0.23, 0.31, 0.61, 1.15
0.0, 0.0, 0.0, 0.0
0.67, 0.63, 2.21, 3.52
0.8, 0.61, 2.21, 3.61
0.88, 0.61, 2.19, 3.68
0.92, 0.63, 2.13, 3.68
0.91, 0.65, 2.04, 3.6
0.85, 0.66, 1.89, 3.41
0.76, 0.64, 1.69, 3.09
0.63, 0.58, 1.4, 2.61
0.46, 0.46, 1.04, 1.95
0.25, 0.27, 0.57, 1.09
0.0, 0.0, 0.0, 0.0
0.47, 0.67, 1.98, 3.12
0.63, 0.59, 1.98, 3.2
0.74, 0.55, 1.96, 3.25
0.81, 0.54, 1.91, 3.26
0.83, 0.54, 1.83, 3.2
0.8, 0.54, 1.7, 3.04
0.73, 0.52, 1.51, 2.76
0.61, 0.47, 1.26, 2.34
0.45, 0.38, 0.93, 1.76
0.25, 0.23, 0.51, 0.98
0.0, 0.0, 0.0, 0.0
0.29, 0.65, 1.66, 2.61
0.46, 0.54, 1.66, 2.66
0.58, 0.47, 1.64, 2.7
0.66, 0.44, 1.6, 2.7
0.7, 0.42, 1.53, 2.65
0.69, 0.41, 1.42, 2.53
0.64, 0.4, 1.27, 2.3
0.54, 0.36, 1.05, 1.96
0.41, 0.29, 0.78, 1.47
0.22, 0.17, 0.43, 0.83
0.0, 0.0, 0.0, 0.0
0.14, 0.56, 1.24, 1.93
0.29, 0.44, 1.23, 1.96
0.4, 0.37, 1.22, 1.99
0.48, 0.32, 1.19, 1.99
0.52, 0.3, 1.14, 1.95
0.52, 0.28, 1.06, 1.86
0.49, 0.27, 0.94, 1.7
0.42, 0.24, 0.78, 1.45
0.32, 0.2, 0.58, 1.1
0.18, 0.12, 0.32, 0.62
0.0, 0.0, 0.0, 0.0
0.04, 0.35, 0.69, 1.07
0.13, 0.27, 0.68, 1.08
0.21, 0.21, 0.68, 1.09
0.26, 0.18, 0.66, 1.1
0.29, 0.16, 0.63, 1.08
0.3, 0.14, 0.59, 1.03
0.28, 0.14, 0.52, 0.94
0.25, 0.12, 0.43, 0.8
0.19, 0.1, 0.32, 0.61
0.1, 0.06, 0.18, 0.34
0.0, 0.0, 0.0, 0.0
0.0, 0.0, 0.0, 0.0
0.0, 0.0, 0.0, 0.0
0.0, 0.0, 0.0, 0.0
0.0, 0.0, 0.0, 0.0
0.0, 0.0, 0.0, 0.0
0.0, 0.0, 0.0, 0.0
0.0, 0.0, 0.0, 0.0
0.0, 0.0, 0.0, 0.0
0.0, 0.0, 0.0, 0.0
0.0, 0.0, 0.0, 0.0
0.0, 0.0, 0.0, 0.0
1.5, 0.0, 2.4, 3.9
1.34, -0.39, 2.38, 3.34
1.26, -0.67, 2.33, 2.92
1.22, -0.85, 2.24, 2.6
1.19, -0.93, 2.1, 2.36
1.16, -0.93, 1.9, 2.13
1.09, -0.86, 1.65, 1.89
0.97, -0.72, 1.35, 1.6
0.76, -0.52, 0.97, 1.21
0.45, -0.28, 0.52, 0.69
0.0, 0.0, 0.0, 0.0
1.5, -0.02, 2.4, 3.87
1.29, -0.4, 2.38, 3.27
1.17, -0.69, 2.32, 2.8
1.09, -0.88, 2.23, 2.44
1.04, -0.98, 2.09, 2.16
1.0, -0.99, 1.9, 1.9
0.94, -0.93, 1.65, 1.65
0.83, -0.8, 1.34, 1.37
0.66, -0.6, 0.97, 1.03
0.39, -0.33, 0.52, 0.58
0.0, 0.0, 0.0, 0.0
1.49, -0.08, 2.38, 3.79
1.26, -0.42, 2.35, 3.19
1.11, -0.69, 2.29, 2.72
1.01, -0.87, 2.2, 2.34
0.95, -0.98, 2.06, 2.02
0.89, -1.02, 1.87, 1.74
0.82, -0.97, 1.63, 1.47
0.71, -0.85, 1.32, 1.19
0.56, -0.64, 0.96, 0.87
0.33, -0.36, 0.52, 0.48
0.0, 0.0, 0.0, 0.0
1.46, -0.16, 2.34, 3.64
1.24, -0.44, 2.29, 3.1
1.08, -0.67, 2.23, 2.64
0.97, -0.84, 2.13, 2.26
0.88, -0.96, 2.0, 1.92
0.8, -1.0, 1.81, 1.62
0.72, -0.97, 1.58, 1.33
0.61, -0.86, 1.29, 1.04
0.47, -0.67, 0.93, 0.73
0.27, -0.38, 0.51, 0.39
0.0, 0.0, 0.0, 0.0
1.4, -0.24, 2.25, 3.41
1.21, -0.45, 2.19, 2.95
1.06, -0.64, 2.12, 2.54
0.94, -0.79, 2.03, 2.17
0.83, -0.9, 1.9, 1.83
0.73, -0.95, 1.72, 1.51
0.63, -0.93, 1.51, 1.21
0.52, -0.84, 1.23, 0.91
0.38, -0.66, 0.89, 0.62
0.21, -0.38, 0.49, 0.32
0.0, 0.0, 0.0, 0.0
1.31, -0.32, 2.1, 3.1
1.16, -0.45, 2.04, 2.74
1.02, -0.59, 1.96, 2.4
0.9, -0.71, 1.87, 2.06
0.78, -0.81, 1.75, 1.72
0.67, -0.86, 1.59, 1.4
0.56, -0.86, 1.39, 1.09
0.44, -0.78, 1.14, 0.79
0.31, -0.63, 0.83, 0.51
0.16, -0.37, 0.45, 0.25
0.0, 0.0, 0.0, 0.0
1.18, -0.36, 1.88, 2.69
1.06, -0.43, 1.81, 2.45
0.95, -0.52, 1.74, 2.18
0.83, -0.61, 1.65, 1.88
0.72, -0.69, 1.54, 1.57
0.6, -0.74, 1.41, 1.27
0.48, -0.75, 1.23, 0.96
0.36, -0.69, 1.01, 0.68
0.24, -0.56, 0.74, 0.42
0.12, -0.34, 0.4, 0.19
0.0, 0.0, 0.0, 0.0
0.99, -0.37, 1.58, 2.19
0.92, -0.38, 1.51, 2.05
0.83, -0.42, 1.44, 1.85
0.73, -0.48, 1.37, 1.62
0.62, -0.55, 1.28, 1.35
0.51, -0.59, 1.16, 1.08
0.39, -0.6, 1.02, 0.81
0.28, -0.57, 0.84, 0.55
0.17, -0.47, 0.61, 0.32
0.08, -0.28, 0.34, 0.13
0.0, 0.0, 0.0, 0.0
0.73, -0.32, 1.17, 1.58
0.7, -0.3, 1.11, 1.52
0.65, -0.31, 1.06, 1.4
0.57, -0.34, 1.0, 1.23
0.48, -0.38, 0.94, 1.04
0.39, -0.42, 0.85, 0.82
0.29, -0.43, 0.75, 0.61
0.2, -0.41, 0.62, 0.4
0.11, -0.34, 0.45, 0.22
0.05, -0.21, 0.25, 0.08
0.0, 0.0, 0.0, 0.0
0.41, -0.2, 0.65, 0.85
0.4, -0.17, 0.61, 0.84
0.37, -0.17, 0.58, 0.79
0.33, -0.18, 0.55, 0.7
0.28, -0.2, 0.51, 0.59
0.22, -0.22, 0.47, 0.47
0.16, -0.23, 0.41, 0.34
0.1, -0.22, 0.34, 0.22
0.05, -0.19, 0.25, 0.12
0.02, -0.12, 0.14, 0.04
0.0, 0.0, 0.0, 0.0
0.0, 0.0, 0.0, 0.0
0.0, 0.0, 0.0, 0.0
0.0, 0.0, 0.0, 0.0
0.0, 0.0, 0.0, 0.0
0.0, 0.0, 0.0, 0.0
0.0, 0.0, 0.0, 0.0
0.0, 0.0, 0.0, 0.0
0.0, 0.0, 0.0, 0.0
0.0, 0.0, 0.0, 0.0
0.0, 0.0, 0.0, 0.0
0.0, 0.0, 0.0, 0.0
2.0, 0.0, 1.35, 3.35
1.49, -0.54, 1.34, 2.28
1.13, -0.96, 1.3, 1.47
0.9, -1.26, 1.23, 0.87
0.75, -1.44, 1.13, 0.45
0.67, -1.5, 1.01, 0.18
0.61, -1.44, 0.86, 0.04
0.55, -1.26, 0.69, -0.02
0.45, -0.96, 0.49, -0.03
0.27, -0.54, 0.26, -0.01
0.0, 0.0, 0.0, 0.0
1.97, -0.33, 1.35, 3.0
1.59, -0.65, 1.31, 2.25
1.3, -0.93, 1.25, 1.62
1.07, -1.14, 1.18, 1.11
0.89, -1.28, 1.09, 0.7
0.76, -1.34, 0.98, 0.39
0.63, -1.31, 0.85, 0.17
0.52, -1.17, 0.68, 0.03
0.38, -0.91, 0.49, -0.04
0.21, -0.52, 0.26, -0.04
0.0, 0.0, 0.0, 0.0
1.9, -0.62, 1.34, 2.62
1.63, -0.78, 1.28, 2.13
1.4, -0.94, 1.22, 1.67
1.18, -1.08, 1.15, 1.26
0.99, -1.18, 1.07, 0.88
0.81, -1.23, 0.98, 0.56
0.65, -1.2, 0.86, 0.3
0.49, -1.08, 0.71, 0.11
0.33, -0.86, 0.52, -0.01
0.17, -0.5, 0.28, -0.05
0.0, 0.0, 0.0, 0.0
1.78, -0.87, 1.31, 2.22
1.61, -0.9, 1.24, 1.95
1.43, -0.97, 1.18, 1.64
1.24, -1.04, 1.12, 1.32
1.04, -1.11, 1.06, 0.99
0.84, -1.14, 0.99, 0.68
0.64, -1.11, 0.88, 0.41
0.46, -1.01, 0.74, 0.19
0.28, -0.8, 0.55, 0.03
0.13, -0.48, 0.31, -0.04
0.0, 0.0, 0.0, 0.0
1.62, -1.06, 1.26, 1.82
1.54, -1.0, 1.18, 1.72
1.4, -1.0, 1.13, 1.54
1.24, -1.02, 1.09, 1.3
1.04, -1.05, 1.05, 1.03
0.83, -1.06, 0.99, 0.76
0.62, -1.03, 0.9, 0.49
0.42, -0.93, 0.77, 0.26
0.24, -0.74, 0.59, 0.09
0.1, -0.44, 0.34, -0.01
0.0, 0.0, 0.0, 0.0
1.42, -1.17, 1.18, 1.43
1.4, -1.06, 1.1, 1.45
1.32, -1.01, 1.06, 1.37
1.18, -0.99, 1.03, 1.22
1.0, -0.99, 1.01, 1.01
0.79, -0.98, 0.97, 0.78
0.58, -0.94, 0.9, 0.54
0.38, -0.85, 0.79, 0.32
0.21, -0.67, 0.61, 0.14
0.08, -0.4, 0.35, 0.03
0.0, 0.0, 0.0, 0.0
1.19, -1.19, 1.06, 1.06
1.22, -1.05, 0.99, 1.15
1.17, -0.97, 0.95, 1.15
1.06, -0.93, 0.94, 1.07
0.9, -0.91, 0.94, 0.93
0.72, -0.88, 0.92, 0.75
0.52, -0.84, 0.86, 0.55
0.34, -0.74, 0.76, 0.36
0.18, -0.59, 0.6, 0.19
0.06, -0.35, 0.35, 0.06
0.0, 0.0, 0.0, 0.0
0.93, -1.09, 0.89, 0.72
0.98, -0.96, 0.83, 0.85
0.96, -0.88, 0.81, 0.89
0.88, -0.82, 0.81, 0.86
0.75, -0.79, 0.81, 0.78
0.6, -0.75, 0.81, 0.65
0.44, -0.7, 0.77, 0.51
0.28, -0.62, 0.69, 0.35
0.14, -0.48, 0.55, 0.2
0.04, -0.28, 0.32, 0.08
0.0, 0.0, 0.0, 0.0
0.64, -0.88, 0.66, 0.42
0.7, -0.77, 0.62, 0.55
0.7, -0.69, 0.6, 0.61
0.64, -0.65, 0.61, 0.61
0.56, -0.61, 0.63, 0.57
0.44, -0.57, 0.63, 0.5
0.32, -0.52, 0.61, 0.41
0.2, -0.45, 0.55, 0.3
0.1, -0.35, 0.44, 0.19
0.03, -0.2, 0.26, 0.08
0.0, 0.0, 0.0, 0.0
0.33, -0.52, 0.37, 0.18
0.37, -0.45, 0.34, 0.26
0.38, -0.41, 0.34, 0.31
0.35, -0.38, 0.35, 0.32
0.3, -0.35, 0.36, 0.31
0.24, -0.33, 0.37, 0.28
0.18, -0.29, 0.36, 0.24
0.11, -0.25, 0.32, 0.18
0.05, -0.19, 0.26, 0.12
0.02, -0.11, 0.15, 0.06
0.0, 0.0, 0.0, 0.0
0.0, 0.0, 0.0, 0.0
0.0, 0.0, 0.0, 0.0
0.0, 0.0, 0.0, 0.0
0.0, 0.0, 0.0, 0.0
0.0, 0.0, 0.0, 0.0
0.0, 0.0, 0.0, 0.0
0.0, 0.0, 0.0, 0.0
0.0, 0.0, 0.0, 0.0
0.0, 0.0, 0.0, 0.0
0.0, 0.0, 0.0, 0.0
0.0, 0.0, 0.0, 0.0
-0.84, -1.5, 2.4, 0.06
-0.66, -1.52, 2.26, 0.08
-0.6, -1.44, 2.13, 0.09
-0.62, -1.29, 2.0, 0.1
-0.69, -1.08, 1.87, 0.1
-0.76, -0.84, 1.71, 0.1
-0.81, -0.6, 1.5, 0.09
-0.79, -0.37, 1.25, 0.08
-0.68, -0.18, 0.92, 0.06
-0.43, -0.05, 0.51, 0.03
0.0, 0.0, 0.0, 0.0
-1.02, -1.3, 2.4, 0.08
-0.85, -1.38, 2.25, 0.02
-0.76, -1.38, 2.11, -0.02
-0.72, -1.31, 1.98, -0.05
-0.72, -1.18, 1.83, -0.08
-0.72, -1.01, 1.65, -0.09
-0.71, -0.81, 1.44, -0.08
-0.66, -0.6, 1.18, -0.07
-0.54, -0.38, 0.86, -0.06
-0.33, -0.18, 0.47, -0.03
0.0, 0.0, 0.0, 0.0
-1.15, -1.09, 2.38, 0.14
-1.0, -1.22, 2.23, 0.01
-0.89, -1.29, 2.09, -0.1
-0.82, -1.29, 1.94, -0.17
-0.77, -1.23, 1.78, -0.22
-0.72, -1.12, 1.6, -0.25
-0.66, -0.96, 1.38, -0.24
-0.58, -0.77, 1.12, -0.22
-0.45, -0.54, 0.82, -0.17
-0.26, -0.28, 0.44, -0.1
0.0, 0.0, 0.0, 0.0
-1.23, -0.88, 2.34, 0.22
-1.11, -1.06, 2.19, 0.02
-1.0, -1.17, 2.04, -0.13
-0.91, -1.23, 1.89, -0.25
-0.83, -1.23, 1.72, -0.33
-0.74, -1.17, 1.54, -0.38
-0.65, -1.05, 1.32, -0.38
-0.54, -0.87, 1.07, -0.34
-0.39, -0.64, 0.77, -0.27
-0.22, -0.35, 0.41, -0.15
0.0, 0.0, 0.0, 0.0
-1.26, -0.69, 2.25, 0.3
-1.16, -0.88, 2.1, 0.05
-1.07, -1.03, 1.96, -0.15
-0.97, -1.13, 1.8, -0.3
-0.87, -1.17, 1.64, -0.41
-0.77, -1.16, 1.46, -0.47
-0.65, -1.07, 1.24, -0.48
-0.52, -0.92, 1.0, -0.44
-0.37, -0.69, 0.72, -0.35
-0.2, -0.39, 0.38, -0.2
0.0, 0.0, 0.0, 0.0
-1.23, -0.5, 2.1, 0.37
-1.16, -0.71, 1.96, 0.09
-1.08, -0.88, 1.82, -0.14
-0.99, -1.0, 1.68, -0.32
-0.89, -1.08, 1.52, -0.45
-0.78, -1.09, 1.35, -0.52
-0.65, -1.04, 1.15, -0.54
-0.51, -0.91, 0.92, -0.5
-0.35, -0.7, 0.65, -0.4
-0.18, -0.4, 0.35, -0.23
0.0, 0.0, 0.0, 0.0
-1.13, -0.34, 1.88, 0.41
-1.09, -0.54, 1.76, 0.13
-1.04, -0.71, 1.63, -0.11
-0.96, -0.85, 1.5, -0.31
-0.87, -0.94, 1.36, -0.45
-0.75, -0.97, 1.2, -0.53
-0.63, -0.94, 1.02, -0.56
-0.49, -0.84, 0.81, -0.52
-0.34, -0.66, 0.58, -0.42
-0.17, -0.38, 0.31, -0.25
0.0, 0.0, 0.0, 0.0
-0.97, -0.2, 1.58, 0.41
-0.95, -0.38, 1.47, 0.14
-0.91, -0.53, 1.37, -0.08
-0.86, -0.66, 1.25, -0.27
-0.78, -0.76, 1.13, -0.4
-0.68, -0.8, 1.0, -0.49
-0.57, -0.79, 0.84, -0.52
-0.45, -0.71, 0.67, -0.49
-0.31, -0.56, 0.48, -0.39
-0.16, -0.33, 0.25, -0.23
0.0, 0.0, 0.0, 0.0
-0.73, -0.09, 1.17, 0.35
-0.73, -0.23, 1.09, 0.14
-0.71, -0.35, 1.01, -0.05
-0.67, -0.46, 0.93, -0.2
-0.62, -0.54, 0.84, -0.31
-0.54, -0.58, 0.74, -0.39
-0.46, -0.58, 0.62, -0.42
-0.36, -0.53, 0.5, -0.39
-0.25, -0.42, 0.35, -0.32
-0.13, -0.25, 0.19, -0.19
0.0, 0.0, 0.0, 0.0
-0.41, -0.02, 0.65, 0.22
-0.41, -0.1, 0.61, 0.09
-0.41, -0.17, 0.56, -0.02
-0.39, -0.24, 0.52, -0.11
-0.36, -0.28, 0.47, -0.18
-0.32, -0.31, 0.41, -0.23
-0.27, -0.32, 0.35, -0.25
-0.22, -0.29, 0.28, -0.24
-0.15, -0.24, 0.19, -0.19
-0.08, -0.14, 0.1, -0.11
0.0, 0.0, 0.0, 0.0
0.0, 0.0, 0.0, 0.0
0.0, 0.0, 0.0, 0.0
0.0, 0.0, 0.0, 0.0
0.0, 0.0, 0.0, 0.0
0.0, 0.0, 0.0, 0.0
0.0, 0.0, 0.0, 0.0
0.0, 0.0, 0.0, 0.0
0.0, 0.0, 0.0, 0.0
0.0, 0.0, 0.0, 0.0
0.0, 0.0, 0.0, 0.0
0.0, 0.0, 0.0, 0.0
-2.0, -1.12, 1.35, -1.77
-1.77, -1.3, 1.27, -1.81
-1.6, -1.34, 1.27, -1.67
-1.46, -1.27, 1.31, -1.42
-1.35, -1.11, 1.37, -1.08
-1.23, -0.89, 1.41, -0.72
-1.1, -0.65, 1.38, -0.36
-0.93, -0.41, 1.26, -0.07
-0.7, -0.2, 1.02, 0.12
-0.4, -0.06, 0.61, 0.16
0.0, 0.0, 0.0, 0.0
-1.94, -0.87, 1.34, -1.48
-1.79, -1.05, 1.26, -1.58
-1.66, -1.09, 1.26, -1.49
-1.54, -1.02, 1.31, -1.25
-1.43, -0.87, 1.37, -0.93
-1.31, -0.67, 1.4, -0.57
-1.15, -0.45, 1.38, -0.22
-0.96, -0.24, 1.26, 0.06
-0.71, -0.08, 1.02, 0.22
-0.4, 0.01, 0.61, 0.22
0.0, 0.0, 0.0, 0.0
-1.79, -0.77, 1.3, -1.26
-1.72, -0.9, 1.23, -1.39
-1.64, -0.91, 1.23, -1.31
-1.56, -0.82, 1.29, -1.09
-1.46, -0.66, 1.35, -0.77
-1.33, -0.47, 1.39, -0.41
-1.17, -0.27, 1.37, -0.07
-0.97, -0.09, 1.25, 0.2
-0.71, 0.03, 1.01, 0.34
-0.39, 0.07, 0.6, 0.29
0.0, 0.0, 0.0, 0.0
-1.57, -0.76, 1.23, -1.1
-1.58, -0.82, 1.17, -1.23
-1.56, -0.78, 1.19, -1.15
-1.52, -0.66, 1.25, -0.92
-1.43, -0.49, 1.32, -0.6
-1.31, -0.29, 1.36, -0.25
-1.15, -0.11, 1.34, 0.08
-0.94, 0.04, 1.23, 0.33
-0.68, 0.13, 0.99, 0.44
-0.37, 0.13, 0.59, 0.35
0.0, 0.0, 0.0, 0.0
-1.3, -0.82, 1.13, -0.98
-1.39, -0.8, 1.09, -1.09
-1.43, -0.69, 1.12, -1.0
-1.42, -0.53, 1.19, -0.76
-1.36, -0.34, 1.26, -0.44
-1.25, -0.15, 1.3, -0.1
-1.09, 0.03, 1.29, 0.22
-0.89, 0.16, 1.18, 0.45
-0.64, 0.21, 0.95, 0.53
-0.34, 0.17, 0.57, 0.4
0.0, 0.0, 0.0, 0.0
-1.0, -0.89, 1.01, -0.88
-1.16, -0.79, 0.99, -0.96
-1.24, -0.63, 1.02, -0.85
-1.27, -0.43, 1.09, -0.61
-1.23, -0.23, 1.16, -0.3
-1.14, -0.03, 1.21, 0.04
-1.0, 0.13, 1.2, 0.33
-0.81, 0.24, 1.1, 0.53
-0.57, 0.27, 0.89, 0.58
-0.3, 0.19, 0.53, 0.42
0.0, 0.0, 0.0, 0.0
-0.7, -0.94, 0.86, -0.78
-0.9, -0.77, 0.85, -0.82
-1.03, -0.57, 0.89, -0.7
-1.08, -0.35, 0.96, -0.46
-1.06, -0.14, 1.03, -0.17
-0.99, 0.05, 1.08, 0.14
-0.87, 0.19, 1.07, 0.4
-0.7, 0.28, 0.99, 0.57
-0.49, 0.29, 0.8, 0.6
-0.26, 0.2, 0.48, 0.42
0.0, 0.0, 0.0, 0.0
-0.43, -0.91, 0.69, -0.66
-0.65, -0.71, 0.69, -0.67
-0.78, -0.49, 0.73, -0.54
-0.85, -0.28, 0.79, -0.33
-0.85, -0.08, 0.86, -0.07
-0.8, 0.09, 0.9, 0.19
-0.7, 0.22, 0.9, 0.42
-0.56, 0.29, 0.83, 0.55
-0.39, 0.28, 0.67, 0.56
-0.2, 0.19, 0.4, 0.39
0.0, 0.0, 0.0, 0.0
-0.21, -0.78, 0.49, -0.5
-0.4, -0.58, 0.49, -0.49
-0.52, -0.38, 0.53, -0.38
-0.59, -0.2, 0.58, -0.2
-0.6, -0.03, 0.63, 0.0
-0.57, 0.1, 0.66, 0.2
-0.5, 0.2, 0.66, 0.36
-0.4, 0.25, 0.61, 0.46
-0.28, 0.23, 0.5, 0.45
-0.14, 0.16, 0.3, 0.31
0.0, 0.0, 0.0, 0.0
-0.06, -0.49, 0.26, -0.29
-0.18, -0.35, 0.26, -0.27
-0.26, -0.22, 0.29, -0.2
-0.3, -0.11, 0.32, -0.09
-0.32, -0.01, 0.35, 0.02
-0.3, 0.07, 0.37, 0.14
-0.27, 0.13, 0.37, 0.23
-0.21, 0.15, 0.34, 0.28
-0.15, 0.14, 0.28, 0.27
-0.07, 0.09, 0.16, 0.18
0.0, 0.0, 0.0, 0.0
0.0, 0.0, 0.0, 0.0
0.0, 0.0, 0.0, 0.0
0.0, 0.0, 0.0, 0.0
0.0, 0.0, 0.0, 0.0
0.0, 0.0, 0.0, 0.0
0.0, 0.0, 0.0, 0.0
0.0, 0.0, 0.0, 0.0
0.0, 0.0, 0.0, 0.0
0.0, 0.0, 0.0, 0.0
0.0, 0.0, 0.0, 0.0
0.0, 0.0, 0.0, 0.0
0.0, 1.5, 2.4, 3.9
-0.29, 1.55, 2.24, 3.5
-0.57, 1.55, 2.08, 3.06
-0.81, 1.5, 1.91, 2.59
-1.0, 1.4, 1.72, 2.12
-1.12, 1.26, 1.51, 1.66
-1.15, 1.08, 1.28, 1.21
-1.07, 0.87, 1.01, 0.81
-0.86, 0.61, 0.72, 0.47
-0.51, 0.32, 0.38, 0.19
0.0, 0.0, 0.0, 0.0
-0.47, 1.12, 2.26, 2.9
-0.58, 1.27, 2.13, 2.82
-0.7, 1.36, 2.0, 2.65
-0.83, 1.39, 1.85, 2.41
-0.93, 1.37, 1.68, 2.11
-1.0, 1.29, 1.48, 1.78
-1.0, 1.15, 1.26, 1.41
-0.92, 0.95, 1.01, 1.04
-0.74, 0.69, 0.71, 0.67
-0.44, 0.38, 0.38, 0.32
0.0, 0.0, 0.0, 0.0
-0.84, 0.86, 2.13, 2.15
-0.82, 1.05, 2.03, 2.26
-0.84, 1.19, 1.91, 2.27
-0.87, 1.28, 1.78, 2.19
-0.9, 1.31, 1.63, 2.03
-0.91, 1.27, 1.45, 1.81
-0.88, 1.17, 1.24, 1.52
-0.8, 1.0, 0.99, 1.19
-0.63, 0.75, 0.71, 0.82
-0.37, 0.42, 0.38, 0.42
0.0, 0.0, 0.0, 0.0
-1.1, 0.7, 2.0, 1.6
-1.01, 0.89, 1.92, 1.79
-0.95, 1.04, 1.81, 1.91
-0.92, 1.16, 1.7, 1.94
-0.89, 1.22, 1.56, 1.89
-0.85, 1.22, 1.39, 1.76
-0.79, 1.15, 1.19, 1.56
-0.69, 1.0, 0.96, 1.28
-0.53, 0.77, 0.69, 0.92
-0.31, 0.44, 0.37, 0.5
0.0, 0.0, 0.0, 0.0
-1.26, 0.61, 1.87, 1.21
-1.13, 0.76, 1.79, 1.41
-1.04, 0.91, 1.69, 1.57
-0.95, 1.03, 1.59, 1.66
-0.88, 1.11, 1.46, 1.69
-0.8, 1.13, 1.31, 1.64
-0.7, 1.09, 1.13, 1.52
-0.59, 0.97, 0.91, 1.3
-0.44, 0.76, 0.65, 0.98
-0.25, 0.44, 0.35, 0.55
0.0, 0.0, 0.0, 0.0
-1.31, 0.55, 1.71, 0.95
-1.19, 0.66, 1.63, 1.1
-1.07, 0.78, 1.54, 1.25
-0.96, 0.89, 1.45, 1.37
-0.85, 0.97, 1.33, 1.45
-0.74, 1.01, 1.2, 1.47
-0.62, 1.0, 1.04, 1.41
-0.5, 0.9, 0.84, 1.25
-0.35, 0.72, 0.61, 0.97
-0.19, 0.42, 0.33, 0.56
0.0, 0.0, 0.0, 0.0
-1.26, 0.52, 1.5, 0.76
-1.16, 0.57, 1.43, 0.84
-1.04, 0.65, 1.35, 0.95
-0.93, 0.74, 1.26, 1.07
-0.8, 0.81, 1.17, 1.18
-0.67, 0.86, 1.05, 1.24
-0.54, 0.86, 0.91, 1.23
-0.41, 0.8, 0.74, 1.13
-0.27, 0.64, 0.54, 0.91
-0.14, 0.38, 0.29, 0.54
0.0, 0.0, 0.0, 0.0
-1.1, 0.47, 1.25, 0.62
-1.03, 0.47, 1.18, 0.62
-0.94, 0.51, 1.11, 0.68
-0.83, 0.57, 1.04, 0.78
-0.71, 0.64, 0.96, 0.89
-0.58, 0.68, 0.86, 0.97
-0.45, 0.7, 0.75, 1.0
-0.32, 0.65, 0.61, 0.95
-0.2, 0.54, 0.45, 0.78
-0.09, 0.32, 0.24, 0.48
0.0, 0.0, 0.0, 0.0
-0.84, 0.39, 0.92, 0.47
-0.8, 0.35, 0.86, 0.41
-0.74, 0.36, 0.81, 0.43
-0.65, 0.4, 0.75, 0.5
-0.55, 0.44, 0.7, 0.59
-0.44, 0.48, 0.63, 0.67
-0.33, 0.5, 0.55, 0.71
-0.22, 0.47, 0.45, 0.7
-0.13, 0.39, 0.33, 0.59
-0.05, 0.24, 0.18, 0.37
0.0, 0.0, 0.0, 0.0
-0.47, 0.24, 0.51, 0.28
-0.46, 0.2, 0.47, 0.21
-0.43, 0.19, 0.44, 0.2
-0.38, 0.21, 0.41, 0.23
-0.32, 0.23, 0.38, 0.29
-0.25, 0.25, 0.34, 0.34
-0.18, 0.26, 0.3, 0.38
-0.12, 0.25, 0.25, 0.38
-0.06, 0.21, 0.18, 0.33
-0.02, 0.13, 0.1, 0.21
0.0, 0.0, 0.0, 0.0
0.0, 0.0, 0.0, 0.0
0.0, 0.0, 0.0, 0.0
0.0, 0.0, 0.0, 0.0
0.0, 0.0, 0.0, 0.0
0.0, 0.0, 0.0, 0.0
0.0, 0.0, 0.0, 0.0
0.0, 0.0, 0.0, 0.0
0.0, 0.0, 0.0, 0.0
0.0, 0.0, 0.0, 0.0
0.0, 0.0, 0.0, 0.0
0.0, 0.0, 0.0, 0.0
-2.0, 0.0, 0.9, -1.1
-1.42, 0.51, 0.94, 0.03
-0.88, 0.85, 1.04, 1.01
-0.4, 1.04, 1.16, 1.8
0.0, 1.11, 1.27, 2.38
0.31, 1.07, 1.35, 2.73
0.52, 0.94, 1.35, 2.81
0.61, 0.75, 1.25, 2.61
0.56, 0.51, 1.02, 2.09
0.36, 0.26, 0.61, 1.23
0.0, 0.0, 0.0, 0.0
-1.97, 0.33, 0.9, -0.75
-1.39, 0.71, 1.04, 0.35
-0.86, 0.95, 1.19, 1.27
-0.39, 1.06, 1.33, 2.0
0.0, 1.07, 1.44, 2.51
0.31, 0.99, 1.5, 2.79
0.51, 0.84, 1.46, 2.82
0.59, 0.65, 1.32, 2.57
0.55, 0.43, 1.05, 2.03
0.35, 0.21, 0.62, 1.18
0.0, 0.0, 0.0, 0.0
-1.9, 0.62, 0.89, -0.38
-1.33, 0.89, 1.11, 0.67
-0.81, 1.05, 1.3, 1.53
-0.36, 1.1, 1.46, 2.19
0.01, 1.06, 1.56, 2.63
0.3, 0.96, 1.59, 2.84
0.48, 0.8, 1.53, 2.81
0.56, 0.61, 1.36, 2.52
0.51, 0.4, 1.06, 1.97
0.33, 0.19, 0.61, 1.13
0.0, 0.0, 0.0, 0.0
-1.78, 0.87, 0.88, -0.03
-1.23, 1.05, 1.14, 0.96
-0.74, 1.13, 1.36, 1.76
-0.32, 1.14, 1.53, 2.34
0.02, 1.07, 1.62, 2.71
0.28, 0.95, 1.63, 2.86
0.44, 0.79, 1.55, 2.78
0.5, 0.6, 1.35, 2.46
0.45, 0.4, 1.04, 1.89
0.29, 0.2, 0.59, 1.08
0.0, 0.0, 0.0, 0.0
-1.62, 1.06, 0.84, 0.28
-1.09, 1.16, 1.14, 1.2
-0.64, 1.19, 1.37, 1.92
-0.26, 1.16, 1.53, 2.43
0.03, 1.08, 1.62, 2.73
0.25, 0.96, 1.61, 2.82
0.39, 0.8, 1.51, 2.7
0.43, 0.62, 1.31, 2.36
0.38, 0.42, 1.0, 1.8
0.24, 0.21, 0.56, 1.01
0.0, 0.0, 0.0, 0.0
-1.42, 1.17, 0.79, 0.54
-0.94, 1.21, 1.09, 1.36
-0.53, 1.2, 1.32, 1.99
-0.21, 1.15, 1.47, 2.42
0.05, 1.07, 1.54, 2.66
0.22, 0.95, 1.53, 2.7
0.32, 0.8, 1.42, 2.55
0.35, 0.63, 1.22, 2.2
0.31, 0.43, 0.92, 1.66
0.19, 0.22, 0.51, 0.93
0.0, 0.0, 0.0, 0.0
-1.19, 1.19, 0.71, 0.7
-0.76, 1.18, 0.99, 1.41
-0.42, 1.15, 1.21, 1.94
-0.15, 1.09, 1.34, 2.29
0.05, 1.01, 1.4, 2.46
0.19, 0.9, 1.38, 2.47
0.26, 0.77, 1.27, 2.3
0.27, 0.62, 1.09, 1.97
0.23, 0.44, 0.81, 1.48
0.14, 0.23, 0.45, 0.82
0.0, 0.0, 0.0, 0.0
-0.93, 1.09, 0.59, 0.76
-0.58, 1.06, 0.84, 1.33
-0.3, 1.02, 1.02, 1.74
-0.09, 0.97, 1.13, 2.01
0.05, 0.9, 1.18, 2.13
0.14, 0.81, 1.15, 2.11
0.19, 0.7, 1.06, 1.95
0.19, 0.57, 0.9, 1.66
0.15, 0.41, 0.67, 1.23
0.09, 0.22, 0.37, 0.68
0.0, 0.0, 0.0, 0.0
-0.64, 0.88, 0.44, 0.68
-0.38, 0.84, 0.63, 1.08
-0.19, 0.8, 0.76, 1.37
-0.05, 0.75, 0.85, 1.55
0.05, 0.7, 0.87, 1.62
0.1, 0.64, 0.85, 1.59
0.12, 0.56, 0.78, 1.46
0.11, 0.46, 0.66, 1.23
0.09, 0.34, 0.49, 0.91
0.05, 0.19, 0.27, 0.5
0.0, 0.0, 0.0, 0.0
-0.33, 0.52, 0.24, 0.43
-0.19, 0.49, 0.35, 0.65
-0.09, 0.46, 0.42, 0.8
-0.01, 0.44, 0.47, 0.89
0.03, 0.41, 0.48, 0.92
0.05, 0.38, 0.47, 0.9
0.06, 0.33, 0.43, 0.82
0.05, 0.28, 0.36, 0.69
0.03, 0.21, 0.27, 0.5
0.02, 0.12, 0.14, 0.28
0.0, 0.0, 0.0, 0.0
0.0, 0.0, 0.0, 0.0
0.0, 0.0, 0.0, 0.0
0.0, 0.0, 0.0, 0.0
0.0, 0.0, 0.0, 0.0
0.0, 0.0, 0.0, 0.0
0.0, 0.0, 0.0, 0.0
0.0, 0.0, 0.0, 0.0
0.0, 0.0, 0.0, 0.0
0.0, 0.0, 0.0, 0.0
0.0, 0.0, 0.0, 0.0
0.0, 0.0, 0.0, 0.0
0.98, 1.75, 1.88, 4.61
0.77, 1.76, 1.73, 4.26
0.69, 1.66, 1.61, 3.97
0.71, 1.48, 1.49, 3.69
0.79, 1.24, 1.38, 3.41
0.87, 0.97, 1.25, 3.09
0.93, 0.69, 1.09, 2.71
0.91, 0.43, 0.9, 2.23
0.78, 0.21, 0.66, 1.64
0.49, 0.06, 0.37, 0.91
0.0, 0.0, 0.0, 0.0
1.19, 1.51, 1.87, 4.57
0.98, 1.6, 1.73, 4.31
0.88, 1.59, 1.59, 4.06
0.83, 1.49, 1.47, 3.79
0.83, 1.34, 1.34, 3.5
0.83, 1.13, 1.2, 3.16
0.81, 0.9, 1.04, 2.75
0.75, 0.65, 0.85, 2.25
0.61, 0.41, 0.62, 1.64
0.37, 0.19, 0.34, 0.89
0.0, 0.0, 0.0, 0.0
1.34, 1.27, 1.86, 4.47
1.16, 1.42, 1.71, 4.29
1.03, 1.47, 1.57, 4.08
0.95, 1.46, 1.44, 3.84
0.88, 1.37, 1.3, 3.56
0.83, 1.23, 1.16, 3.21
0.75, 1.04, 0.99, 2.79
0.65, 0.82, 0.8, 2.27
0.5, 0.56, 0.57, 1.64
0.29, 0.29, 0.31, 0.89
0.0, 0.0, 0.0, 0.0
1.44, 1.03, 1.82, 4.3
1.28, 1.22, 1.68, 4.18
1.16, 1.33, 1.54, 4.03
1.05, 1.38, 1.4, 3.82
0.95, 1.35, 1.26, 3.56
0.84, 1.27, 1.11, 3.22
0.73, 1.12, 0.94, 2.79
0.6, 0.92, 0.75, 2.27
0.44, 0.66, 0.54, 1.64
0.24, 0.36, 0.29, 0.89
0.0, 0.0, 0.0, 0.0
1.47, 0.8, 1.76, 4.03
1.35, 1.02, 1.61, 3.98
1.23, 1.17, 1.47, 3.88
1.11, 1.26, 1.34, 3.71
0.99, 1.29, 1.2, 3.48
0.86, 1.25, 1.05, 3.16
0.73, 1.14, 0.88, 2.75
0.57, 0.96, 0.7, 2.24
0.4, 0.71, 0.5, 1.61
0.21, 0.39, 0.26, 0.87
0.0, 0.0, 0.0, 0.0
1.44, 0.59, 1.64, 3.66
1.35, 0.81, 1.51, 3.67
1.25, 0.99, 1.37, 3.61
1.13, 1.11, 1.24, 3.49
1.01, 1.17, 1.11, 3.29
0.87, 1.17, 0.96, 3.0
0.72, 1.09, 0.81, 2.62
0.56, 0.95, 0.64, 2.14
0.38, 0.72, 0.45, 1.55
0.2, 0.4, 0.24, 0.84
0.0, 0.0, 0.0, 0.0
1.32, 0.39, 1.47, 3.19
1.27, 0.61, 1.35, 3.23
1.19, 0.8, 1.23, 3.22
1.09, 0.93, 1.11, 3.13
0.97, 1.01, 0.99, 2.97
0.84, 1.03, 0.86, 2.73
0.69, 0.99, 0.72, 2.4
0.53, 0.87, 0.56, 1.96
0.36, 0.67, 0.4, 1.42
0.18, 0.38, 0.21, 0.77
0.0, 0.0, 0.0, 0.0
1.13, 0.23, 1.23, 2.59
1.1, 0.43, 1.13, 2.66
1.05, 0.6, 1.03, 2.68
0.97, 0.73, 0.93, 2.63
0.87, 0.81, 0.82, 2.51
0.76, 0.85, 0.71, 2.32
0.62, 0.83, 0.59, 2.04
0.48, 0.74, 0.47, 1.68
0.32, 0.57, 0.33, 1.23
0.16, 0.33, 0.17, 0.67
0.0, 0.0, 0.0, 0.0
0.85, 0.11, 0.92, 1.87
0.84, 0.26, 0.84, 1.94
0.81, 0.39, 0.76, 1.97
0.76, 0.5, 0.69, 1.95
0.69, 0.58, 0.61, 1.88
0.6, 0.61, 0.53, 1.74
0.5, 0.61, 0.44, 1.54
0.39, 0.55, 0.34, 1.28
0.26, 0.43, 0.24, 0.93
0.13, 0.25, 0.13, 0.51
0.0, 0.0, 0.0, 0.0
0.47, 0.03, 0.51, 1.01
0.48, 0.11, 0.47, 1.06
0.47, 0.19, 0.42, 1.08
0.44, 0.26, 0.38, 1.08
0.4, 0.3, 0.34, 1.05
0.36, 0.33, 0.29, 0.98
0.3, 0.33, 0.24, 0.87
0.23, 0.3, 0.19, 0.72
0.16, 0.24, 0.13, 0.53
0.08, 0.14, 0.07, 0.29
0.0, 0.0, 0.0, 0.0
0.0, 0.0, 0.0, 0.0
0.0, 0.0, 0.0, 0.0
0.0, 0.0, 0.0, 0.0
0.0, 0.0, 0.0, 0.0
0.0, 0.0, 0.0, 0.0
0.0, 0.0, 0.0, 0.0
0.0, 0.0, 0.0, 0.0
0.0, 0.0, 0.0, 0.0
0.0, 0.0, 0.0, 0.0
0.0, 0.0, 0.0, 0.0
0.0, 0.0, 0.0, 0.0
2.0, 1.12, 0.9, 4.02
2.0, 0.54, 0.89, 3.43
1.98, 0.14, 0.85, 2.98
1.95, -0.11, 0.79, 2.63
1.87, -0.24, 0.71, 2.34
1.75, -0.28, 0.62, 2.09
1.57, -0.25, 0.51, 1.83
1.31, -0.18, 0.39, 1.53
0.98, -0.1, 0.27, 1.14
0.54, -0.03, 0.13, 0.65
0.0, 0.0, 0.0, 0.0
2.0, 0.82, 0.9, 3.71
1.93, 0.26, 0.89, 3.07
1.88, -0.13, 0.85, 2.59
1.82, -0.38, 0.79, 2.23
1.75, -0.5, 0.71, 1.96
1.64, -0.53, 0.62, 1.73
1.48, -0.48, 0.51, 1.51
1.25, -0.38, 0.39, 1.27
0.94, -0.25, 0.27, 0.96
0.53, -0.12, 0.13, 0.55
0.0, 0.0, 0.0, 0.0
1.98, 0.57, 0.89, 3.45
1.85, 0.03, 0.88, 2.76
1.76, -0.35, 0.84, 2.24
1.68, -0.6, 0.78, 1.87
1.6, -0.72, 0.71, 1.59
1.51, -0.74, 0.61, 1.38
1.37, -0.67, 0.51, 1.2
1.17, -0.55, 0.39, 1.01
0.88, -0.38, 0.26, 0.77
0.5, -0.19, 0.13, 0.44
0.0, 0.0, 0.0, 0.0
1.95, 0.38, 0.88, 3.21
1.75, -0.14, 0.86, 2.47
1.62, -0.52, 0.83, 1.93
1.52, -0.76, 0.77, 1.54
1.44, -0.88, 0.69, 1.26
1.35, -0.9, 0.6, 1.06
1.23, -0.83, 0.5, 0.9
1.06, -0.68, 0.38, 0.76
0.81, -0.49, 0.26, 0.58
0.47, -0.26, 0.13, 0.34
0.0, 0.0, 0.0, 0.0
1.87, 0.24, 0.84, 2.96
1.63, -0.26, 0.83, 2.2
1.47, -0.62, 0.8, 1.64
1.35, -0.86, 0.74, 1.23
1.27, -0.98, 0.67, 0.95
1.18, -1.0, 0.58, 0.77
1.08, -0.93, 0.48, 0.63
0.94, -0.78, 0.37, 0.53
0.72, -0.57, 0.25, 0.41
0.42, -0.3, 0.13, 0.24
0.0, 0.0, 0.0, 0.0
1.75, 0.14, 0.79, 2.68
1.48, -0.33, 0.78, 1.92
1.29, -0.67, 0.74, 1.36
1.16, -0.9, 0.69, 0.96
1.08, -1.02, 0.62, 0.68
1.0, -1.04, 0.54, 0.51
0.92, -0.97, 0.45, 0.4
0.8, -0.82, 0.34, 0.32
0.62, -0.61, 0.23, 0.25
0.36, -0.33, 0.12, 0.15
0.0, 0.0, 0.0, 0.0
1.57, 0.07, 0.71, 2.35
1.28, -0.35, 0.7, 1.63
1.09, -0.66, 0.67, 1.1
0.96, -0.87, 0.62, 0.71
0.88, -0.98, 0.56, 0.45
0.81, -1.0, 0.49, 0.29
0.74, -0.94, 0.4, 0.2
0.65, -0.81, 0.31, 0.15
0.51, -0.6, 0.21, 0.12
0.3, -0.33, 0.11, 0.08
0.0, 0.0, 0.0, 0.0
1.31, 0.03, 0.59, 1.94
1.05, -0.32, 0.58, 1.31
0.86, -0.58, 0.56, 0.84
0.74, -0.77, 0.52, 0.5
0.67, -0.87, 0.47, 0.27
0.61, -0.89, 0.41, 0.13
0.56, -0.84, 0.34, 0.05
0.49, -0.73, 0.26, 0.03
0.39, -0.54, 0.18, 0.02
0.23, -0.3, 0.09, 0.02
0.0, 0.0, 0.0, 0.0
0.98, 0.01, 0.44, 1.42
0.76, -0.25, 0.43, 0.94
0.61, -0.45, 0.41, 0.57
0.51, -0.59, 0.39, 0.31
0.45, -0.67, 0.35, 0.13
0.41, -0.69, 0.3, 0.02
0.37, -0.66, 0.25, -0.03
0.33, -0.57, 0.19, -0.05
0.26, -0.43, 0.13, -0.03
0.16, -0.24, 0.07, -0.01
0.0, 0.0, 0.0, 0.0
0.54, 0.0, 0.24, 0.79
0.41, -0.14, 0.24, 0.51
0.32, -0.26, 0.23, 0.29
0.26, -0.34, 0.21, 0.14
0.23, -0.38, 0.19, 0.04
0.2, -0.4, 0.17, -0.03
0.19, -0.38, 0.14, -0.05
0.17, -0.33, 0.11, -0.06
0.13, -0.25, 0.07, -0.04
0.08, -0.14, 0.04, -0.02
0.0, 0.0, 0.0, 0.0
0.0, 0.0, 0.0, 0.0
0.0, 0.0, 0.0, 0.0
0.0, 0.0, 0.0, 0.0
0.0, 0.0, 0.0, 0.0
0.0, 0.0, 0.0, 0.0
0.0, 0.0, 0.0, 0.0
0.0, 0.0, 0.0, 0.0
0.0, 0.0, 0.0, 0.0
0.0, 0.0, 0.0, 0.0
0.0, 0.0, 0.0, 0.0
0.0, 0.0, 0.0, 0.0
0.0, -2.0, 0.45, -1.55
0.24, -1.85, 0.39, -1.21
0.47, -1.68, 0.33, -0.88
0.65, -1.51, 0.28, -0.57
0.79, -1.32, 0.24, -0.29
0.88, -1.13, 0.2, -0.05
0.89, -0.92, 0.16, 0.13
0.82, -0.71, 0.12, 0.23
0.66, -0.48, 0.08, 0.26
0.39, -0.25, 0.04, 0.18
0.0, 0.0, 0.0, 0.0
0.41, -1.48, 0.39, -0.69
0.49, -1.46, 0.34, -0.63
0.58, -1.42, 0.3, -0.53
0.67, -1.34, 0.26, -0.41
0.74, -1.24, 0.22, -0.28
0.78, -1.11, 0.19, -0.14
0.77, -0.95, 0.15, -0.03
0.71, -0.76, 0.12, 0.06
0.56, -0.54, 0.08, 0.1
0.33, -0.29, 0.04, 0.09
0.0, 0.0, 0.0, 0.0
0.72, -1.1, 0.34, -0.05
0.69, -1.16, 0.3, -0.17
0.69, -1.19, 0.27, -0.23
0.71, -1.19, 0.24, -0.24
0.72, -1.15, 0.21, -0.22
0.71, -1.07, 0.18, -0.18
0.68, -0.95, 0.15, -0.12
0.61, -0.79, 0.12, -0.07
0.48, -0.58, 0.08, -0.02
0.28, -0.32, 0.04, 0.01
0.0, 0.0, 0.0, 0.0
0.95, -0.84, 0.3, 0.4
0.85, -0.93, 0.27, 0.19
0.79, -1.0, 0.24, 0.03
0.74, -1.04, 0.22, -0.08
0.71, -1.05, 0.19, -0.15
0.66, -1.01, 0.17, -0.18
0.61, -0.93, 0.14, -0.18
0.52, -0.79, 0.11, -0.15
0.4, -0.59, 0.08, -0.11
0.23, -0.33, 0.04, -0.06
0.0, 0.0, 0.0, 0.0
1.08, -0.67, 0.26, 0.67
0.95, -0.76, 0.24, 0.43
0.85, -0.84, 0.22, 0.23
0.77, -0.9, 0.2, 0.07
0.7, -0.93, 0.18, -0.05
0.62, -0.92, 0.16, -0.14
0.54, -0.87, 0.13, -0.19
0.45, -0.76, 0.1, -0.21
0.33, -0.58, 0.07, -0.18
0.18, -0.33, 0.04, -0.11
0.0, 0.0, 0.0, 0.0
1.13, -0.57, 0.23, 0.79
1.0, -0.63, 0.21, 0.58
0.88, -0.7, 0.19, 0.38
0.78, -0.76, 0.18, 0.19
0.68, -0.8, 0.16, 0.04
0.58, -0.81, 0.14, -0.09
0.48, -0.78, 0.12, -0.18
0.38, -0.7, 0.1, -0.23
0.27, -0.55, 0.07, -0.21
0.14, -0.32, 0.04, -0.14
0.0, 0.0, 0.0, 0.0
1.08, -0.49, 0.19, 0.78
0.97, -0.52, 0.18, 0.63
0.85, -0.56, 0.16, 0.46
0.74, -0.62, 0.15, 0.28
0.63, -0.66, 0.14, 0.11
0.52, -0.68, 0.12, -0.04
0.42, -0.67, 0.1, -0.15
0.31, -0.61, 0.08, -0.22
0.21, -0.49, 0.06, -0.22
0.1, -0.29, 0.03, -0.16
0.0, 0.0, 0.0, 0.0
0.95, -0.42, 0.15, 0.67
0.86, -0.41, 0.14, 0.59
0.77, -0.43, 0.13, 0.46
0.66, -0.47, 0.12, 0.31
0.56, -0.51, 0.11, 0.16
0.45, -0.54, 0.1, 0.01
0.34, -0.54, 0.09, -0.11
0.24, -0.5, 0.07, -0.19
0.15, -0.41, 0.05, -0.21
0.07, -0.24, 0.03, -0.15
0.0, 0.0, 0.0, 0.0
0.72, -0.34, 0.11, 0.49
0.67, -0.3, 0.1, 0.47
0.6, -0.3, 0.1, 0.39
0.52, -0.32, 0.09, 0.29
0.43, -0.35, 0.08, 0.16
0.34, -0.37, 0.07, 0.04
0.25, -0.38, 0.06, -0.06
0.17, -0.36, 0.05, -0.14
0.1, -0.3, 0.04, -0.16
0.04, -0.18, 0.02, -0.12
0.0, 0.0, 0.0, 0.0
0.41, -0.21, 0.06, 0.26
0.38, -0.17, 0.06, 0.27
0.35, -0.16, 0.05, 0.24
0.3, -0.17, 0.05, 0.19
0.25, -0.18, 0.04, 0.12
0.2, -0.19, 0.04, 0.04
0.14, -0.2, 0.03, -0.03
0.09, -0.19, 0.03, -0.07
0.05, -0.16, 0.02, -0.09
0.02, -0.1, 0.01, -0.07
0.0, 0.0, 0.0, 0.0
0.0, 0.0, 0.0, 0.0
0.0, 0.0, 0.0, 0.0
0.0, 0.0, 0.0, 0.0
0.0, 0.0, 0.0, 0.0
0.0, 0.0, 0.0, 0.0
0.0, 0.0, 0.0, 0.0
0.0, 0.0, 0.0, 0.0
0.0, 0.0, 0.0, 0.0
0.0, 0.0, 0.0, 0.0
0.0, 0.0, 0.0, 0.0
0.0, 0.0, 0.0, 0.0
0.0, -2.0, 0.9, -1.1
-0.54, -1.49, 0.89, -1.14
-0.96, -1.13, 0.85, -1.24
-1.26, -0.9, 0.79, -1.37
-1.44, -0.75, 0.71, -1.48
-1.5, -0.67, 0.62, -1.55
-1.44, -0.61, 0.51, -1.54
-1.26, -0.55, 0.39, -1.42
-0.96, -0.45, 0.27, -1.14
-0.54, -0.27, 0.13, -0.68
0.0, 0.0, 0.0, 0.0
-0.33, -1.97, 0.9, -1.4
-0.65, -1.59, 0.86, -1.39
-0.93, -1.3, 0.8, -1.42
-1.14, -1.08, 0.74, -1.48
-1.27, -0.91, 0.66, -1.52
-1.33, -0.77, 0.57, -1.53
-1.29, -0.65, 0.47, -1.47
-1.15, -0.53, 0.37, -1.31
-0.89, -0.4, 0.25, -1.04
-0.51, -0.22, 0.13, -0.61
0.0, 0.0, 0.0, 0.0
-0.62, -1.9, 0.89, -1.63
-0.78, -1.64, 0.83, -1.59
-0.93, -1.41, 0.76, -1.58
-1.05, -1.21, 0.68, -1.58
-1.14, -1.03, 0.61, -1.56
-1.17, -0.87, 0.52, -1.52
-1.14, -0.71, 0.44, -1.41
-1.02, -0.55, 0.34, -1.23
-0.8, -0.38, 0.24, -0.95
-0.47, -0.2, 0.12, -0.55
0.0, 0.0, 0.0, 0.0
-0.87, -1.78, 0.88, -1.78
-0.9, -1.62, 0.79, -1.72
-0.94, -1.46, 0.71, -1.69
-0.99, -1.29, 0.64, -1.65
-1.03, -1.12, 0.56, -1.59
-1.03, -0.95, 0.48, -1.5
-0.99, -0.77, 0.4, -1.36
-0.88, -0.58, 0.31, -1.16
-0.7, -0.39, 0.22, -0.87
-0.41, -0.2, 0.11, -0.49
0.0, 0.0, 0.0, 0.0
-1.06, -1.62, 0.84, -1.84
-0.99, -1.55, 0.75, -1.79
-0.96, -1.45, 0.66, -1.74
-0.94, -1.32, 0.58, -1.67
-0.93, -1.17, 0.51, -1.59
-0.9, -1.0, 0.43, -1.46
-0.85, -0.81, 0.36, -1.3
-0.74, -0.61, 0.28, -1.08
-0.58, -0.41, 0.19, -0.8
-0.34, -0.2, 0.1, -0.44
0.0, 0.0, 0.0, 0.0
-1.17, -1.42, 0.79, -1.8
-1.04, -1.42, 0.69, -1.77
-0.95, -1.37, 0.61, -1.72
-0.89, -1.28, 0.53, -1.64
-0.83, -1.16, 0.45, -1.53
-0.77, -1.0, 0.38, -1.39
-0.7, -0.83, 0.31, -1.21
-0.6, -0.63, 0.24, -0.99
-0.46, -0.43, 0.17, -0.71
-0.26, -0.21, 0.09, -0.39
0.0, 0.0, 0.0, 0.0
-1.19, -1.19, 0.71, -1.67
-1.03, -1.24, 0.61, -1.65
-0.91, -1.23, 0.53, -1.61
-0.81, -1.18, 0.46, -1.53
-0.72, -1.09, 0.39, -1.42
-0.64, -0.96, 0.33, -1.27
-0.56, -0.8, 0.27, -1.09
-0.46, -0.62, 0.2, -0.88
-0.34, -0.42, 0.14, -0.62
-0.19, -0.21, 0.07, -0.33
0.0, 0.0, 0.0, 0.0
-1.09, -0.93, 0.59, -1.43
-0.94, -1.0, 0.51, -1.43
-0.81, -1.02, 0.44, -1.4
-0.7, -1.0, 0.38, -1.33
-0.6, -0.94, 0.32, -1.22
-0.5, -0.85, 0.26, -1.09
-0.41, -0.72, 0.21, -0.92
-0.32, -0.57, 0.16, -0.73
-0.23, -0.39, 0.11, -0.51
-0.12, -0.2, 0.06, -0.27
0.0, 0.0, 0.0, 0.0
-0.88, -0.64, 0.44, -1.07
-0.75, -0.71, 0.38, -1.09
-0.64, -0.75, 0.32, -1.07
-0.54, -0.75, 0.27, -1.01
-0.44, -0.72, 0.23, -0.93
-0.35, -0.66, 0.19, -0.83
-0.27, -0.57, 0.15, -0.69
-0.2, -0.46, 0.11, -0.54
-0.13, -0.32, 0.08, -0.38
-0.06, -0.17, 0.04, -0.19
0.0, 0.0, 0.0, 0.0
-0.52, -0.33, 0.24, -0.6
-0.44, -0.38, 0.21, -0.62
-0.37, -0.41, 0.18, -0.61
-0.31, -0.42, 0.15, -0.58
-0.25, -0.41, 0.12, -0.53
-0.19, -0.38, 0.1, -0.47
-0.14, -0.33, 0.08, -0.39
-0.09, -0.27, 0.06, -0.3
-0.05, -0.19, 0.04, -0.21
-0.02, -0.1, 0.02, -0.11
0.0, 0.0, 0.0, 0.0
0.0, 0.0, 0.0, 0.0
0.0, 0.0, 0.0, 0.0
0.0, 0.0, 0.0, 0.0
0.0, 0.0, 0.0, 0.0
0.0, 0.0, 0.0, 0.0
0.0, 0.0, 0.0, 0.0
0.0, 0.0, 0.0, 0.0
0.0, 0.0, 0.0, 0.0
0.0, 0.0, 0.0, 0.0
0.0, 0.0, 0.0, 0.0
0.0, 0.0, 0.0, 0.0
-0.84, -1.5, 0.23, -2.12
-0.65, -1.46, 0.2, -1.91
-0.57, -1.34, 0.19, -1.73
-0.57, -1.18, 0.17, -1.58
-0.61, -0.97, 0.16, -1.43
-0.67, -0.75, 0.14, -1.28
-0.7, -0.53, 0.12, -1.11
-0.68, -0.32, 0.1, -0.91
-0.58, -0.16, 0.07, -0.66
-0.37, -0.04, 0.04, -0.37
0.0, 0.0, 0.0, 0.0
-1.02, -1.3, 0.22, -2.09
-0.85, -1.3, 0.21, -1.94
-0.77, -1.23, 0.21, -1.8
-0.77, -1.09, 0.21, -1.65
-0.8, -0.91, 0.21, -1.49
-0.83, -0.71, 0.22, -1.32
-0.84, -0.5, 0.21, -1.13
-0.79, -0.3, 0.19, -0.91
-0.66, -0.14, 0.15, -0.65
-0.4, -0.03, 0.09, -0.35
0.0, 0.0, 0.0, 0.0
-1.15, -1.09, 0.22, -2.02
-1.0, -1.14, 0.21, -1.92
-0.93, -1.1, 0.22, -1.81
-0.93, -0.98, 0.24, -1.67
-0.95, -0.82, 0.26, -1.51
-0.97, -0.63, 0.27, -1.32
-0.95, -0.43, 0.28, -1.11
-0.88, -0.25, 0.26, -0.87
-0.72, -0.1, 0.21, -0.61
-0.43, -0.01, 0.13, -0.32
0.0, 0.0, 0.0, 0.0
-1.23, -0.88, 0.22, -1.9
-1.11, -0.96, 0.21, -1.86
-1.05, -0.95, 0.23, -1.77
-1.05, -0.85, 0.26, -1.64
-1.06, -0.71, 0.29, -1.48
-1.06, -0.53, 0.31, -1.28
-1.03, -0.35, 0.32, -1.06
-0.94, -0.18, 0.31, -0.82
-0.75, -0.05, 0.25, -0.55
-0.45, 0.01, 0.15, -0.28
0.0, 0.0, 0.0, 0.0
-1.26, -0.69, 0.21, -1.74
-1.16, -0.79, 0.21, -1.74
-1.12, -0.79, 0.23, -1.68
-1.12, -0.71, 0.26, -1.56
-1.12, -0.58, 0.3, -1.4
-1.12, -0.42, 0.33, -1.2
-1.07, -0.25, 0.35, -0.98
-0.96, -0.11, 0.33, -0.74
-0.76, 0.0, 0.28, -0.49
-0.45, 0.04, 0.17, -0.24
0.0, 0.0, 0.0, 0.0
-1.23, -0.5, 0.2, -1.54
-1.16, -0.61, 0.19, -1.58
-1.13, -0.63, 0.22, -1.54
-1.13, -0.56, 0.26, -1.43
-1.13, -0.45, 0.3, -1.28
-1.12, -0.3, 0.33, -1.09
-1.06, -0.16, 0.35, -0.87
-0.94, -0.03, 0.34, -0.64
-0.74, 0.06, 0.28, -0.41
-0.43, 0.07, 0.17, -0.19
0.0, 0.0, 0.0, 0.0
-1.13, -0.34, 0.18, -1.3
-1.08, -0.45, 0.17, -1.36
-1.07, -0.47, 0.2, -1.34
-1.07, -0.42, 0.24, -1.25
-1.07, -0.32, 0.28, -1.11
-1.05, -0.19, 0.31, -0.93
-0.99, -0.07, 0.33, -0.73
-0.88, 0.04, 0.32, -0.52
-0.68, 0.1, 0.27, -0.32
-0.4, 0.09, 0.16, -0.14
0.0, 0.0, 0.0, 0.0
-0.97, -0.2, 0.15, -1.02
-0.94, -0.3, 0.15, -1.09
-0.94, -0.32, 0.17, -1.09
-0.94, -0.28, 0.2, -1.02
-0.94, -0.2, 0.24, -0.9
-0.92, -0.1, 0.27, -0.75
-0.86, 0.0, 0.28, -0.57
-0.75, 0.08, 0.27, -0.4
-0.59, 0.12, 0.23, -0.23
-0.34, 0.1, 0.14, -0.1
0.0, 0.0, 0.0, 0.0
-0.73, -0.09, 0.11, -0.71
-0.72, -0.17, 0.11, -0.78
-0.72, -0.19, 0.13, -0.78
-0.72, -0.16, 0.15, -0.73
-0.72, -0.1, 0.18, -0.64
-0.7, -0.03, 0.2, -0.53
-0.66, 0.04, 0.22, -0.4
-0.57, 0.1, 0.21, -0.27
-0.44, 0.12, 0.17, -0.15
-0.25, 0.09, 0.11, -0.06
0.0, 0.0, 0.0, 0.0
-0.41, -0.02, 0.06, -0.37
-0.4, -0.07, 0.06, -0.41
-0.41, -0.08, 0.07, -0.42
-0.41, -0.07, 0.08, -0.39
-0.41, -0.03, 0.1, -0.34
-0.4, 0.01, 0.11, -0.28
-0.37, 0.05, 0.12, -0.21
-0.32, 0.07, 0.12, -0.13
-0.25, 0.08, 0.1, -0.07
-0.14, 0.06, 0.06, -0.02
0.0, 0.0, 0.0, 0.0
0.0, 0.0, 0.0, 0.0
0.0, 0.0, 0.0, 0.0
0.0, 0.0, 0.0, 0.0
0.0, 0.0, 0.0, 0.0
0.0, 0.0, 0.0, 0.0
0.0, 0.0, 0.0, 0.0
0.0, 0.0, 0.0, 0.0
0.0, 0.0, 0.0, 0.0
0.0, 0.0, 0.0, 0.0
0.0, 0.0, 0.0, 0.0
0.0, 0.0, 0.0, 0.0
-1.12, 2.0, 0.9, 1.78
-1.34, 1.73, 0.77, 1.16
-1.49, 1.45, 0.66, 0.62
-1.55, 1.18, 0.55, 0.18
-1.54, 0.92, 0.45, -0.17
-1.45, 0.67, 0.37, -0.42
-1.3, 0.45, 0.28, -0.56
-1.07, 0.27, 0.21, -0.6
-0.78, 0.12, 0.14, -0.52
-0.42, 0.03, 0.07, -0.32
0.0, 0.0, 0.0, 0.0
-0.87, 1.94, 0.89, 1.96
-1.09, 1.75, 0.76, 1.42
-1.25, 1.54, 0.65, 0.94
-1.34, 1.31, 0.54, 0.51
-1.36, 1.08, 0.45, 0.16
-1.31, 0.84, 0.36, -0.11
-1.19, 0.62, 0.28, -0.29
-1.0, 0.42, 0.21, -0.38
-0.74, 0.24, 0.14, -0.37
-0.41, 0.1, 0.07, -0.24
0.0, 0.0, 0.0, 0.0
-0.77, 1.79, 0.85, 1.88
-0.95, 1.69, 0.73, 1.48
-1.09, 1.55, 0.63, 1.09
-1.17, 1.38, 0.53, 0.74
-1.2, 1.18, 0.44, 0.42
-1.18, 0.97, 0.36, 0.16
-1.08, 0.76, 0.28, -0.05
-0.92, 0.54, 0.21, -0.17
-0.69, 0.34, 0.14, -0.22
-0.39, 0.16, 0.07, -0.16
0.0, 0.0, 0.0, 0.0
-0.76, 1.57, 0.79, 1.6
-0.88, 1.56, 0.69, 1.37
-0.97, 1.5, 0.59, 1.12
-1.03, 1.39, 0.51, 0.86
-1.06, 1.24, 0.42, 0.6
-1.04, 1.06, 0.35, 0.36
-0.97, 0.86, 0.27, 0.16
-0.83, 0.64, 0.2, 0.01
-0.63, 0.42, 0.13, -0.08
-0.36, 0.2, 0.07, -0.09
0.0, 0.0, 0.0, 0.0
-0.82, 1.3, 0.71, 1.19
-0.85, 1.37, 0.63, 1.15
-0.89, 1.39, 0.55, 1.05
-0.91, 1.34, 0.47, 0.89
-0.92, 1.24, 0.4, 0.71
-0.9, 1.09, 0.33, 0.52
-0.84, 0.91, 0.26, 0.33
-0.73, 0.7, 0.19, 0.16
-0.56, 0.48, 0.13, 0.04
-0.32, 0.24, 0.06, -0.02
0.0, 0.0, 0.0, 0.0
-0.89, 1.0, 0.62, 0.73
-0.84, 1.15, 0.55, 0.86
-0.82, 1.23, 0.49, 0.9
-0.8, 1.23, 0.42, 0.85
-0.79, 1.18, 0.36, 0.75
-0.76, 1.07, 0.3, 0.61
-0.71, 0.92, 0.24, 0.44
-0.62, 0.72, 0.18, 0.28
-0.48, 0.5, 0.12, 0.14
-0.28, 0.26, 0.06, 0.04
0.0, 0.0, 0.0, 0.0
-0.94, 0.7, 0.51, 0.28
-0.82, 0.9, 0.46, 0.55
-0.74, 1.03, 0.41, 0.7
-0.69, 1.08, 0.36, 0.75
-0.65, 1.06, 0.31, 0.72
-0.62, 0.99, 0.26, 0.63
-0.57, 0.86, 0.21, 0.5
-0.5, 0.7, 0.16, 0.35
-0.39, 0.49, 0.11, 0.21
-0.23, 0.26, 0.05, 0.08
0.0, 0.0, 0.0, 0.0
-0.91, 0.43, 0.39, -0.09
-0.75, 0.65, 0.36, 0.26
-0.64, 0.8, 0.33, 0.49
-0.56, 0.87, 0.29, 0.6
-0.51, 0.89, 0.26, 0.63
-0.47, 0.85, 0.22, 0.59
-0.43, 0.75, 0.17, 0.49
-0.38, 0.62, 0.13, 0.37
-0.3, 0.44, 0.09, 0.23
-0.18, 0.23, 0.04, 0.1
0.0, 0.0, 0.0, 0.0
-0.78, 0.21, 0.27, -0.3
-0.61, 0.4, 0.25, 0.05
-0.49, 0.54, 0.23, 0.28
-0.41, 0.62, 0.21, 0.42
-0.36, 0.65, 0.18, 0.48
-0.32, 0.64, 0.16, 0.47
-0.29, 0.58, 0.13, 0.41
-0.26, 0.48, 0.1, 0.32
-0.2, 0.35, 0.07, 0.21
-0.12, 0.19, 0.03, 0.1
0.0, 0.0, 0.0, 0.0
-0.49, 0.06, 0.13, -0.3
-0.37, 0.18, 0.13, -0.06
-0.29, 0.27, 0.12, 0.11
-0.23, 0.33, 0.11, 0.21
-0.19, 0.36, 0.1, 0.27
-0.17, 0.36, 0.09, 0.28
-0.15, 0.33, 0.07, 0.25
-0.13, 0.27, 0.05, 0.2
-0.1, 0.2, 0.04, 0.14
-0.06, 0.11, 0.02, 0.07
0.0, 0.0, 0.0, 0.0
0.0, 0.0, 0.0, 0.0
0.0, 0.0, 0.0, 0.0
0.0, 0.0, 0.0, 0.0
0.0, 0.0, 0.0, 0.0
0.0, 0.0, 0.0, 0.0
0.0, 0.0, 0.0, 0.0
0.0, 0.0, 0.0, 0.0
0.0, 0.0, 0.0, 0.0
0.0, 0.0, 0.0, 0.0
0.0, 0.0, 0.0, 0.0
0.0, 0.0, 0.0, 0.0
0.0, 1.5, 0.23, 1.73
-0.17, 1.51, 0.22, 1.56
-0.22, 1.54, 0.26, 1.58
-0.16, 1.55, 0.31, 1.71
-0.04, 1.55, 0.37, 1.88
0.11, 1.5, 0.42, 2.03
0.24, 1.39, 0.45, 2.08
0.34, 1.21, 0.43, 1.97
0.35, 0.92, 0.36, 1.64
0.25, 0.53, 0.22, 1.0
0.0, 0.0, 0.0, 0.0
-0.41, 1.12, 0.2, 0.92
-0.41, 1.23, 0.21, 1.04
-0.31, 1.32, 0.26, 1.26
-0.15, 1.38, 0.32, 1.54
0.04, 1.39, 0.38, 1.81
0.23, 1.36, 0.43, 2.01
0.38, 1.25, 0.45, 2.09
0.47, 1.08, 0.43, 1.98
0.46, 0.82, 0.36, 1.64
0.31, 0.46, 0.22, 1.0
0.0, 0.0, 0.0, 0.0
-0.72, 0.85, 0.19, 0.32
-0.59, 1.03, 0.21, 0.66
-0.39, 1.16, 0.27, 1.04
-0.15, 1.24, 0.33, 1.43
0.1, 1.27, 0.39, 1.76
0.32, 1.23, 0.44, 1.99
0.49, 1.12, 0.46, 2.08
0.58, 0.95, 0.44, 1.97
0.54, 0.71, 0.37, 1.62
0.36, 0.4, 0.22, 0.98
0.0, 0.0, 0.0, 0.0
-0.95, 0.67, 0.17, -0.1
-0.71, 0.9, 0.22, 0.4
-0.44, 1.05, 0.28, 0.9
-0.14, 1.14, 0.35, 1.35
0.14, 1.16, 0.41, 1.72
0.39, 1.11, 0.46, 1.96
0.57, 1.0, 0.47, 2.04
0.65, 0.83, 0.45, 1.92
0.6, 0.61, 0.37, 1.57
0.39, 0.33, 0.22, 0.94
0.0, 0.0, 0.0, 0.0
-1.08, 0.57, 0.16, -0.36
-0.79, 0.81, 0.22, 0.25
-0.46, 0.97, 0.3, 0.81
-0.13, 1.05, 0.37, 1.29
0.17, 1.05, 0.43, 1.66
0.43, 0.99, 0.47, 1.89
0.61, 0.88, 0.48, 1.96
0.68, 0.71, 0.44, 1.83
0.62, 0.5, 0.36, 1.48
0.4, 0.26, 0.21, 0.88
0.0, 0.0, 0.0, 0.0
-1.13, 0.5, 0.14, -0.48
-0.8, 0.75, 0.22, 0.17
-0.46, 0.9, 0.31, 0.74
-0.12, 0.96, 0.38, 1.22
0.18, 0.95, 0.44, 1.57
0.44, 0.88, 0.47, 1.78
0.61, 0.75, 0.47, 1.83
0.67, 0.59, 0.43, 1.69
0.61, 0.41, 0.34, 1.36
0.39, 0.2, 0.2, 0.8
0.0, 0.0, 0.0, 0.0
-1.08, 0.46, 0.12, -0.5
-0.76, 0.68, 0.22, 0.14
-0.43, 0.81, 0.3, 0.68
-0.11, 0.86, 0.37, 1.12
0.18, 0.83, 0.42, 1.43
0.41, 0.75, 0.45, 1.61
0.57, 0.62, 0.44, 1.63
0.63, 0.47, 0.4, 1.5
0.57, 0.31, 0.31, 1.19
0.36, 0.15, 0.18, 0.7
0.0, 0.0, 0.0, 0.0
-0.95, 0.41, 0.1, -0.43
-0.66, 0.6, 0.19, 0.13
-0.37, 0.7, 0.27, 0.6
-0.09, 0.72, 0.34, 0.97
0.16, 0.69, 0.38, 1.22
0.36, 0.6, 0.4, 1.36
0.49, 0.49, 0.39, 1.36
0.54, 0.36, 0.34, 1.24
0.49, 0.22, 0.27, 0.98
0.31, 0.1, 0.16, 0.56
0.0, 0.0, 0.0, 0.0
-0.72, 0.33, 0.07, -0.31
-0.5, 0.47, 0.15, 0.12
-0.28, 0.54, 0.22, 0.48
-0.07, 0.55, 0.27, 0.75
0.12, 0.51, 0.3, 0.93
0.27, 0.43, 0.31, 1.01
0.37, 0.34, 0.3, 1.01
0.41, 0.24, 0.26, 0.91
0.37, 0.14, 0.2, 0.71
0.23, 0.06, 0.12, 0.41
0.0, 0.0, 0.0, 0.0
-0.41, 0.21, 0.04, -0.16
-0.28, 0.28, 0.09, 0.09
-0.16, 0.31, 0.13, 0.29
-0.04, 0.31, 0.16, 0.43
0.07, 0.28, 0.18, 0.53
0.15, 0.24, 0.18, 0.57
0.21, 0.18, 0.17, 0.56
0.23, 0.12, 0.15, 0.5
0.2, 0.06, 0.12, 0.38
0.13, 0.02, 0.07, 0.22
0.0, 0.0, 0.0, 0.0
0.0, 0.0, 0.0, 0.0
0.0, 0.0, 0.0, 0.0
0.0, 0.0, 0.0, 0.0
0.0, 0.0, 0.0, 0.0
0.0, 0.0, 0.0, 0.0
0.0, 0.0, 0.0, 0.0
0.0, 0.0, 0.0, 0.0
0.0, 0.0, 0.0, 0.0
0.0, 0.0, 0.0, 0.0
0.0, 0.0, 0.0, 0.0
0.0, 0.0, 0.0, 0.0
0.0, 2.0, 0.45, 2.45
0.53, 1.48, 0.44, 2.45
0.91, 1.1, 0.42, 2.44
1.17, 0.84, 0.4, 2.41
1.3, 0.67, 0.36, 2.33
1.31, 0.57, 0.31, 2.19
1.22, 0.49, 0.26, 1.97
1.04, 0.42, 0.2, 1.66
0.77, 0.34, 0.13, 1.24
0.42, 0.21, 0.07, 0.69
0.0, 0.0, 0.0, 0.0
0.33, 1.97, 0.45, 2.75
0.64, 1.56, 0.43, 2.62
0.88, 1.23, 0.4, 2.51
1.04, 0.98, 0.37, 2.39
1.13, 0.79, 0.33, 2.25
1.14, 0.64, 0.29, 2.07
1.08, 0.53, 0.24, 1.84
0.93, 0.42, 0.18, 1.53
0.7, 0.31, 0.13, 1.14
0.39, 0.17, 0.07, 0.63
0.0, 0.0, 0.0, 0.0
0.62, 1.9, 0.45, 2.97
0.76, 1.58, 0.41, 2.75
0.87, 1.3, 0.38, 2.56
0.95, 1.08, 0.34, 2.38
1.0, 0.89, 0.3, 2.19
1.0, 0.72, 0.26, 1.98
0.94, 0.58, 0.22, 1.73
0.82, 0.44, 0.17, 1.43
0.63, 0.3, 0.12, 1.05
0.36, 0.16, 0.06, 0.58
0.0, 0.0, 0.0, 0.0
0.87, 1.78, 0.44, 3.09
0.87, 1.54, 0.4, 2.81
0.88, 1.33, 0.36, 2.57
0.89, 1.14, 0.32, 2.35
0.89, 0.96, 0.28, 2.13
0.87, 0.79, 0.24, 1.9
0.81, 0.63, 0.2, 1.64
0.7, 0.48, 0.16, 1.34
0.54, 0.32, 0.11, 0.97
0.31, 0.17, 0.06, 0.53
0.0, 0.0, 0.0, 0.0
1.06, 1.62, 0.42, 3.1
0.96, 1.46, 0.38, 2.8
0.89, 1.3, 0.33, 2.53
0.84, 1.15, 0.29, 2.29
0.8, 0.99, 0.26, 2.05
0.75, 0.84, 0.22, 1.81
0.68, 0.68, 0.18, 1.54
0.58, 0.52, 0.14, 1.25
0.45, 0.35, 0.1, 0.9
0.26, 0.18, 0.05, 0.49
0.0, 0.0, 0.0, 0.0
1.17, 1.42, 0.39, 2.98
1.01, 1.33, 0.35, 2.68
0.89, 1.22, 0.3, 2.42
0.79, 1.11, 0.27, 2.17
0.71, 0.98, 0.23, 1.93
0.64, 0.85, 0.2, 1.69
0.56, 0.7, 0.16, 1.43
0.47, 0.55, 0.13, 1.14
0.35, 0.38, 0.09, 0.82
0.2, 0.19, 0.05, 0.44
0.0, 0.0, 0.0, 0.0
1.19, 1.19, 0.35, 2.73
1.0, 1.15, 0.31, 2.45
0.85, 1.09, 0.27, 2.2
0.72, 1.02, 0.23, 1.97
0.62, 0.93, 0.2, 1.75
0.53, 0.82, 0.17, 1.52
0.45, 0.69, 0.14, 1.28
0.36, 0.55, 0.11, 1.01
0.26, 0.38, 0.08, 0.72
0.14, 0.2, 0.04, 0.38
0.0, 0.0, 0.0, 0.0
1.09, 0.93, 0.3, 2.32
0.91, 0.92, 0.26, 2.09
0.75, 0.9, 0.22, 1.88
0.62, 0.86, 0.19, 1.68
0.51, 0.81, 0.16, 1.48
0.42, 0.73, 0.14, 1.28
0.33, 0.63, 0.11, 1.07
0.25, 0.51, 0.09, 0.85
0.17, 0.36, 0.06, 0.6
0.09, 0.19, 0.03, 0.32
0.0, 0.0, 0.0, 0.0
0.88, 0.64, 0.22, 1.73
0.72, 0.66, 0.19, 1.57
0.59, 0.66, 0.16, 1.42
0.48, 0.65, 0.14, 1.27
0.38, 0.62, 0.12, 1.12
0.29, 0.57, 0.1, 0.96
0.22, 0.5, 0.08, 0.8
0.16, 0.41, 0.06, 0.63
0.1, 0.3, 0.04, 0.44
0.05, 0.16, 0.02, 0.23
0.0, 0.0, 0.0, 0.0
0.52, 0.33, 0.12, 0.97
0.43, 0.35, 0.1, 0.88
0.35, 0.36, 0.09, 0.8
0.28, 0.36, 0.08, 0.71
0.21, 0.35, 0.07, 0.63
0.16, 0.33, 0.05, 0.54
0.11, 0.3, 0.04, 0.45
0.07, 0.25, 0.03, 0.35
0.04, 0.18, 0.02, 0.25
0.02, 0.1, 0.01, 0.13
0.0, 0.0, 0.0, 0.0
0.0, 0.0, 0.0, 0.0
0.0, 0.0, 0.0, 0.0
0.0, 0.0, 0.0, 0.0
0.0, 0.0, 0.0, 0.0
0.0, 0.0, 0.0, 0.0
0.0, 0.0, 0.0, 0.0
0.0, 0.0, 0.0, 0.0
0.0, 0.0, 0.0, 0.0
0.0, 0.0, 0.0, 0.0
0.0, 0.0, 0.0, 0.0
0.0, 0.0, 0.0, 0.0
0.84, 1.5, 0.15, 2.49
0.18, 1.09, 0.66, 1.94
-0.33, 0.77, 1.07, 1.51
-0.7, 0.51, 1.37, 1.18
-0.94, 0.32, 1.56, 0.94
-1.06, 0.19, 1.62, 0.75
-1.06, 0.1, 1.56, 0.61
-0.94, 0.04, 1.38, 0.48
-0.72, 0.01, 1.06, 0.35
-0.41, 0.0, 0.6, 0.2
0.0, 0.0, 0.0, 0.0
1.02, 1.3, 0.15, 2.46
0.31, 0.93, 0.66, 1.9
-0.26, 0.63, 1.07, 1.44
-0.68, 0.41, 1.36, 1.09
-0.96, 0.24, 1.54, 0.82
-1.11, 0.13, 1.6, 0.61
-1.14, 0.06, 1.54, 0.46
-1.03, 0.02, 1.35, 0.34
-0.8, 0.0, 1.04, 0.23
-0.46, 0.0, 0.59, 0.12
0.0, 0.0, 0.0, 0.0
1.15, 1.09, 0.15, 2.39
0.4, 0.76, 0.66, 1.82
-0.2, 0.5, 1.06, 1.36
-0.66, 0.31, 1.35, 1.0
-0.97, 0.17, 1.52, 0.71
-1.15, 0.07, 1.58, 0.5
-1.19, 0.02, 1.51, 0.34
-1.09, -0.01, 1.32, 0.22
-0.86, -0.02, 1.01, 0.13
-0.5, -0.01, 0.57, 0.06
0.0, 0.0, 0.0, 0.0
1.23, 0.88, 0.15, 2.26
0.47, 0.6, 0.65, 1.72
-0.15, 0.38, 1.04, 1.27
-0.63, 0.21, 1.32, 0.91
-0.96, 0.09, 1.49, 0.62
-1.16, 0.02, 1.54, 0.4
-1.21, -0.02, 1.47, 0.24
-1.12, -0.04, 1.29, 0.13
-0.89, -0.03, 0.98, 0.06
-0.52, -0.02, 0.55, 0.02
0.0, 0.0, 0.0, 0.0
1.26, 0.69, 0.14, 2.09
0.51, 0.45, 0.63, 1.59
-0.11, 0.26, 1.01, 1.16
-0.59, 0.12, 1.28, 0.81
-0.93, 0.03, 1.44, 0.53
-1.14, -0.03, 1.48, 0.32
-1.2, -0.06, 1.41, 0.16
-1.12, -0.06, 1.23, 0.05
-0.89, -0.05, 0.94, 0.0
-0.52, -0.03, 0.53, -0.02
0.0, 0.0, 0.0, 0.0
1.23, 0.5, 0.13, 1.86
0.51, 0.31, 0.6, 1.42
-0.08, 0.16, 0.95, 1.04
-0.54, 0.05, 1.2, 0.72
-0.87, -0.02, 1.35, 0.45
-1.07, -0.06, 1.39, 0.25
-1.14, -0.08, 1.32, 0.1
-1.07, -0.08, 1.15, 0.0
-0.86, -0.06, 0.87, -0.05
-0.5, -0.03, 0.49, -0.05
0.0, 0.0, 0.0, 0.0
1.13, 0.34, 0.12, 1.59
0.48, 0.19, 0.54, 1.21
-0.05, 0.08, 0.86, 0.89
-0.48, 0.0, 1.09, 0.61
-0.78, -0.06, 1.21, 0.37
-0.97, -0.09, 1.25, 0.19
-1.03, -0.1, 1.18, 0.06
-0.97, -0.09, 1.03, -0.03
-0.78, -0.07, 0.78, -0.07
-0.46, -0.04, 0.43, -0.06
0.0, 0.0, 0.0, 0.0
0.97, 0.2, 0.1, 1.27
0.42, 0.1, 0.46, 0.97
-0.03, 0.02, 0.73, 0.71
-0.39, -0.04, 0.92, 0.48
-0.66, -0.08, 1.02, 0.29
-0.82, -0.1, 1.05, 0.14
-0.87, -0.1, 1.0, 0.03
-0.82, -0.09, 0.86, -0.05
-0.66, -0.07, 0.65, -0.08
-0.39, -0.04, 0.36, -0.06
0.0, 0.0, 0.0, 0.0
0.73, 0.09, 0.07, 0.89
0.32, 0.03, 0.34, 0.69
-0.02, -0.02, 0.55, 0.51
-0.29, -0.05, 0.69, 0.34
-0.49, -0.08, 0.77, 0.2
-0.61, -0.09, 0.78, 0.09
-0.65, -0.09, 0.74, 0.01
-0.61, -0.08, 0.64, -0.05
-0.49, -0.06, 0.48, -0.07
-0.29, -0.03, 0.27, -0.05
0.0, 0.0, 0.0, 0.0
0.41, 0.02, 0.04, 0.47
0.18, 0.0, 0.19, 0.37
-0.01, -0.03, 0.31, 0.27
-0.16, -0.04, 0.38, 0.18
-0.27, -0.05, 0.43, 0.11
-0.34, -0.05, 0.44, 0.05
-0.36, -0.05, 0.41, 0.0
-0.34, -0.05, 0.36, -0.03
-0.28, -0.04, 0.27, -0.04
-0.16, -0.02, 0.15, -0.03
0.0, 0.0, 0.0, 0.0
0.0, 0.0, 0.0, 0.0
0.0, 0.0, 0.0, 0.0
0.0, 0.0, 0.0, 0.0
0.0, 0.0, 0.0, 0.0
0.0, 0.0, 0.0, 0.0
0.0, 0.0, 0.0, 0.0
0.0, 0.0, 0.0, 0.0
0.0, 0.0, 0.0, 0.0
0.0, 0.0, 0.0, 0.0
0.0, 0.0, 0.0, 0.0
0.0, 0.0, 0.0, 0.0
-2.5, -0.3, 2.25, -0.55
-2.55, -0.29, 2.18, -0.66
-2.58, -0.27, 2.1, -0.74
-2.56, -0.24, 2.0, -0.79
-2.48, -0.19, 1.88, -0.8
-2.34, -0.15, 1.72, -0.77
-2.1, -0.11, 1.5, -0.7
-1.77, -0.06, 1.24, -0.6
-1.32, -0.03, 0.9, -0.44
-0.73, -0.01, 0.49, -0.25
0.0, 0.0, 0.0, 0.0
-2.5, -0.22, 2.24, -0.48
-2.57, -0.23, 2.19, -0.62
-2.61, -0.23, 2.12, -0.72
-2.6, -0.22, 2.03, -0.79
-2.52, -0.2, 1.9, -0.81
-2.37, -0.17, 1.74, -0.8
-2.13, -0.13, 1.52, -0.74
-1.79, -0.1, 1.25, -0.64
-1.33, -0.06, 0.91, -0.48
-0.73, -0.03, 0.5, -0.27
0.0, 0.0, 0.0, 0.0
-2.5, -0.15, 2.21, -0.44
-2.58, -0.18, 2.17, -0.59
-2.62, -0.2, 2.12, -0.7
-2.61, -0.2, 2.03, -0.78
-2.54, -0.19, 1.91, -0.82
-2.39, -0.17, 1.74, -0.82
-2.14, -0.15, 1.52, -0.77
-1.79, -0.12, 1.25, -0.67
-1.33, -0.08, 0.91, -0.51
-0.74, -0.04, 0.49, -0.29
0.0, 0.0, 0.0, 0.0
-2.47, -0.1, 2.15, -0.43
-2.56, -0.14, 2.13, -0.57
-2.6, -0.16, 2.08, -0.69
-2.6, -0.17, 2.0, -0.77
-2.52, -0.18, 1.88, -0.82
-2.37, -0.17, 1.72, -0.83
-2.13, -0.16, 1.5, -0.78
-1.78, -0.13, 1.23, -0.68
-1.32, -0.1, 0.89, -0.52
-0.73, -0.05, 0.48, -0.3
0.0, 0.0, 0.0, 0.0
-2.4, -0.06, 2.04, -0.42
-2.49, -0.1, 2.03, -0.55
-2.53, -0.13, 2.0, -0.66
-2.53, -0.15, 1.93, -0.75
-2.46, -0.16, 1.81, -0.8
-2.31, -0.16, 1.66, -0.81
-2.07, -0.15, 1.45, -0.78
-1.74, -0.13, 1.19, -0.68
-1.29, -0.1, 0.86, -0.53
-0.71, -0.06, 0.47, -0.3
0.0, 0.0, 0.0, 0.0
-2.26, -0.04, 1.88, -0.42
-2.34, -0.07, 1.89, -0.53
-2.39, -0.1, 1.86, -0.63
-2.38, -0.12, 1.8, -0.71
-2.32, -0.14, 1.7, -0.76
-2.18, -0.15, 1.55, -0.77
-1.96, -0.14, 1.36, -0.74
-1.64, -0.13, 1.11, -0.66
-1.22, -0.1, 0.81, -0.51
-0.67, -0.06, 0.44, -0.3
0.0, 0.0, 0.0, 0.0
-2.05, -0.02, 1.67, -0.4
-2.12, -0.05, 1.68, -0.49
-2.16, -0.07, 1.66, -0.57
-2.16, -0.09, 1.61, -0.64
-2.1, -0.11, 1.52, -0.69
-1.97, -0.12, 1.39, -0.7
-1.77, -0.12, 1.22, -0.68
-1.49, -0.12, 1.0, -0.6
-1.1, -0.09, 0.72, -0.47
-0.61, -0.06, 0.39, -0.27
0.0, 0.0, 0.0, 0.0
-1.73, -0.01, 1.38, -0.36
-1.79, -0.03, 1.39, -0.42
-1.82, -0.05, 1.38, -0.49
-1.82, -0.07, 1.35, -0.54
-1.77, -0.08, 1.27, -0.58
-1.67, -0.1, 1.17, -0.6
-1.5, -0.1, 1.02, -0.58
-1.26, -0.1, 0.84, -0.52
-0.93, -0.08, 0.61, -0.41
-0.52, -0.05, 0.33, -0.24
0.0, 0.0, 0.0, 0.0
-1.3, 0.0, 1.01, -0.29
-1.34, -0.01, 1.03, -0.32
-1.36, -0.03, 1.02, -0.37
-1.36, -0.04, 1.0, -0.41
-1.32, -0.06, 0.95, -0.43
-1.25, -0.07, 0.87, -0.45
-1.12, -0.07, 0.76, -0.43
-0.94, -0.07, 0.62, -0.39
-0.7, -0.06, 0.45, -0.31
-0.39, -0.04, 0.24, -0.18
0.0, 0.0, 0.0, 0.0
-0.73, 0.0, 0.56, -0.17
-0.75, 0.0, 0.57, -0.19
-0.76, -0.01, 0.57, -0.21
-0.76, -0.02, 0.55, -0.23
-0.74, -0.03, 0.52, -0.24
-0.7, -0.03, 0.48, -0.25
-0.63, -0.04, 0.42, -0.24
-0.53, -0.04, 0.35, -0.22
-0.39, -0.03, 0.25, -0.17
-0.22, -0.02, 0.14, -0.1
0.0, 0.0, 0.0, 0.0
0.0, 0.0, 0.0, 0.0
0.0, 0.0, 0.0, 0.0
0.0, 0.0, 0.0, 0.0
0.0, 0.0, 0.0, 0.0
0.0, 0.0, 0.0, 0.0
0.0, 0.0, 0.0, 0.0
0.0, 0.0, 0.0, 0.0
0.0, 0.0, 0.0, 0.0
0.0, 0.0, 0.0, 0.0
0.0, 0.0, 0.0, 0.0
0.0, 0.0, 0.0, 0.0
-3.0, 0.0, 1.8, -1.2
-2.64, 0.08, 1.87, -0.7
-2.39, 0.14, 1.92, -0.33
-2.21, 0.19, 1.94, -0.08
-2.06, 0.22, 1.91, 0.07
-1.91, 0.22, 1.83, 0.14
-1.73, 0.22, 1.67, 0.15
-1.49, 0.19, 1.42, 0.13
-1.14, 0.14, 1.07, 0.08
-0.65, 0.08, 0.6, 0.03
0.0, 0.0, 0.0, 0.0
-2.59, 0.01, 1.92, -0.66
-2.35, 0.07, 1.95, -0.33
-2.18, 0.12, 1.97, -0.1
-2.07, 0.15, 1.97, 0.05
-1.96, 0.18, 1.92, 0.14
-1.85, 0.19, 1.82, 0.16
-1.69, 0.19, 1.65, 0.15
-1.45, 0.17, 1.4, 0.12
-1.11, 0.13, 1.05, 0.07
-0.64, 0.08, 0.59, 0.02
0.0, 0.0, 0.0, 0.0
-2.26, 0.03, 2.0, -0.23
-2.12, 0.07, 2.01, -0.04
-2.03, 0.1, 2.01, 0.08
-1.96, 0.13, 1.98, 0.15
-1.9, 0.15, 1.92, 0.17
-1.8, 0.16, 1.81, 0.17
-1.66, 0.16, 1.63, 0.14
-1.43, 0.15, 1.37, 0.09
-1.09, 0.12, 1.03, 0.05
-0.63, 0.07, 0.57, 0.02
0.0, 0.0, 0.0, 0.0
-1.97, 0.06, 2.03, 0.12
-1.92, 0.07, 2.03, 0.18
-1.9, 0.09, 2.01, 0.21
-1.87, 0.11, 1.97, 0.21
-1.84, 0.12, 1.9, 0.19
-1.76, 0.13, 1.78, 0.15
-1.62, 0.13, 1.59, 0.11
-1.4, 0.12, 1.34, 0.07
-1.07, 0.1, 1.0, 0.03
-0.61, 0.06, 0.55, 0.0
0.0, 0.0, 0.0, 0.0
-1.73, 0.09, 2.01, 0.37
-1.75, 0.08, 1.99, 0.33
-1.77, 0.09, 1.97, 0.29
-1.78, 0.09, 1.92, 0.23
-1.76, 0.1, 1.84, 0.18
-1.7, 0.11, 1.72, 0.12
-1.57, 0.11, 1.53, 0.08
-1.35, 0.1, 1.28, 0.04
-1.03, 0.08, 0.95, 0.01
-0.58, 0.05, 0.53, -0.01
0.0, 0.0, 0.0, 0.0
-1.5, 0.11, 1.91, 0.53
-1.57, 0.1, 1.89, 0.42
-1.63, 0.09, 1.86, 0.32
-1.67, 0.08, 1.81, 0.23
-1.66, 0.08, 1.73, 0.16
-1.6, 0.08, 1.61, 0.09
-1.48, 0.08, 1.43, 0.04
-1.27, 0.08, 1.2, 0.01
-0.96, 0.06, 0.88, -0.01
-0.54, 0.04, 0.49, -0.02
0.0, 0.0, 0.0, 0.0
-1.27, 0.13, 1.74, 0.59
-1.38, 0.1, 1.72, 0.44
-1.46, 0.08, 1.69, 0.32
-1.5, 0.07, 1.64, 0.21
-1.51, 0.07, 1.56, 0.12
-1.46, 0.06, 1.45, 0.06
-1.34, 0.06, 1.29, 0.01
-1.15, 0.05, 1.07, -0.02
-0.87, 0.04, 0.79, -0.03
-0.49, 0.03, 0.44, -0.02
0.0, 0.0, 0.0, 0.0
-1.03, 0.13, 1.47, 0.57
-1.14, 0.1, 1.45, 0.41
-1.23, 0.08, 1.43, 0.28
-1.28, 0.06, 1.39, 0.17
-1.28, 0.05, 1.32, 0.09
-1.24, 0.04, 1.22, 0.02
-1.14, 0.04, 1.08, -0.02
-0.97, 0.03, 0.9, -0.04
-0.73, 0.03, 0.66, -0.04
-0.41, 0.02, 0.36, -0.03
0.0, 0.0, 0.0, 0.0
-0.74, 0.12, 1.09, 0.47
-0.85, 0.09, 1.09, 0.32
-0.92, 0.06, 1.07, 0.21
-0.96, 0.05, 1.04, 0.12
-0.97, 0.03, 0.99, 0.05
-0.94, 0.03, 0.91, 0.0
-0.86, 0.02, 0.81, -0.03
-0.73, 0.02, 0.67, -0.04
-0.55, 0.01, 0.49, -0.04
-0.3, 0.01, 0.27, -0.03
0.0, 0.0, 0.0, 0.0
-0.41, 0.07, 0.61, 0.27
-0.47, 0.05, 0.61, 0.19
-0.52, 0.04, 0.6, 0.12
-0.55, 0.03, 0.58, 0.06
-0.55, 0.02, 0.55, 0.02
-0.53, 0.01, 0.51, -0.01
-0.48, 0.01, 0.45, -0.02
-0.41, 0.01, 0.37, -0.03
-0.31, 0.0, 0.27, -0.03
-0.17, 0.0, 0.15, -0.02
0.0, 0.0, 0.0, 0.0
0.0, 0.0, 0.0, 0.0
0.0, 0.0, 0.0, 0.0
0.0, 0.0, 0.0, 0.0
0.0, 0.0, 0.0, 0.0
0.0, 0.0, 0.0, 0.0
0.0, 0.0, 0.0, 0.0
0.0, 0.0, 0.0, 0.0
0.0, 0.0, 0.0, 0.0
0.0, 0.0, 0.0, 0.0
0.0, 0.0, 0.0, 0.0
0.0, 0.0, 0.0, 0.0
-3.0, 0.0, 2.25, -0.75
-2.92, 0.01, 2.18, -0.73
-2.83, 0.03, 2.1, -0.7
-2.73, 0.06, 2.0, -0.67
-2.59, 0.09, 1.88, -0.63
-2.4, 0.11, 1.72, -0.57
-2.14, 0.13, 1.5, -0.5
-1.78, 0.13, 1.24, -0.41
-1.32, 0.12, 0.9, -0.3
-0.73, 0.07, 0.49, -0.16
0.0, 0.0, 0.0, 0.0
-2.99, 0.08, 2.24, -0.67
-2.93, 0.07, 2.16, -0.7
-2.86, 0.07, 2.07, -0.72
-2.76, 0.07, 1.97, -0.71
-2.62, 0.08, 1.85, -0.69
-2.43, 0.1, 1.69, -0.64
-2.16, 0.1, 1.49, -0.57
-1.8, 0.1, 1.22, -0.47
-1.33, 0.09, 0.9, -0.34
-0.73, 0.05, 0.49, -0.19
0.0, 0.0, 0.0, 0.0
-2.95, 0.14, 2.21, -0.59
-2.91, 0.12, 2.12, -0.67
-2.85, 0.1, 2.03, -0.72
-2.76, 0.09, 1.93, -0.74
-2.63, 0.09, 1.81, -0.73
-2.43, 0.09, 1.66, -0.69
-2.16, 0.08, 1.46, -0.61
-1.79, 0.08, 1.21, -0.51
-1.32, 0.06, 0.89, -0.37
-0.73, 0.04, 0.49, -0.2
0.0, 0.0, 0.0, 0.0
-2.86, 0.19, 2.15, -0.53
-2.84, 0.15, 2.06, -0.63
-2.8, 0.13, 1.97, -0.7
-2.72, 0.11, 1.87, -0.74
-2.59, 0.09, 1.76, -0.74
-2.4, 0.08, 1.61, -0.7
-2.13, 0.07, 1.42, -0.64
-1.77, 0.06, 1.18, -0.53
-1.3, 0.05, 0.87, -0.39
-0.72, 0.03, 0.48, -0.21
0.0, 0.0, 0.0, 0.0
-2.72, 0.22, 2.04, -0.46
-2.72, 0.18, 1.95, -0.58
-2.69, 0.15, 1.87, -0.67
-2.62, 0.12, 1.78, -0.71
-2.5, 0.1, 1.67, -0.72
-2.32, 0.08, 1.54, -0.7
-2.06, 0.07, 1.36, -0.63
-1.71, 0.05, 1.13, -0.53
-1.26, 0.03, 0.83, -0.39
-0.69, 0.02, 0.46, -0.21
0.0, 0.0, 0.0, 0.0
-2.51, 0.22, 1.88, -0.4
-2.52, 0.19, 1.81, -0.53
-2.51, 0.16, 1.73, -0.61
-2.45, 0.13, 1.65, -0.66
-2.34, 0.11, 1.55, -0.68
-2.17, 0.08, 1.43, -0.66
-1.93, 0.06, 1.26, -0.6
-1.6, 0.04, 1.05, -0.51
-1.18, 0.03, 0.77, -0.37
-0.65, 0.01, 0.43, -0.21
0.0, 0.0, 0.0, 0.0
-2.22, 0.22, 1.67, -0.34
-2.24, 0.19, 1.6, -0.46
-2.24, 0.16, 1.54, -0.54
-2.19, 0.13, 1.47, -0.59
-2.1, 0.11, 1.38, -0.61
-1.95, 0.08, 1.27, -0.59
-1.73, 0.06, 1.13, -0.54
-1.43, 0.04, 0.94, -0.46
-1.05, 0.02, 0.69, -0.34
-0.58, 0.01, 0.38, -0.19
0.0, 0.0, 0.0, 0.0
-1.84, 0.19, 1.38, -0.27
-1.87, 0.17, 1.33, -0.37
-1.87, 0.15, 1.28, -0.44
-1.83, 0.12, 1.22, -0.49
-1.76, 0.1, 1.15, -0.5
-1.63, 0.08, 1.06, -0.49
-1.45, 0.05, 0.94, -0.45
-1.2, 0.03, 0.78, -0.39
-0.88, 0.02, 0.58, -0.29
-0.49, 0.01, 0.32, -0.16
0.0, 0.0, 0.0, 0.0
-1.35, 0.14, 1.01, -0.19
-1.37, 0.13, 0.98, -0.27
-1.38, 0.12, 0.94, -0.32
-1.36, 0.1, 0.9, -0.35
-1.3, 0.08, 0.85, -0.37
-1.21, 0.06, 0.79, -0.36
-1.08, 0.04, 0.7, -0.34
-0.89, 0.03, 0.58, -0.29
-0.66, 0.01, 0.43, -0.21
-0.36, 0.0, 0.24, -0.12
0.0, 0.0, 0.0, 0.0
-0.74, 0.08, 0.56, -0.1
-0.76, 0.08, 0.54, -0.14
-0.76, 0.07, 0.52, -0.17
-0.75, 0.06, 0.5, -0.19
-0.72, 0.05, 0.47, -0.2
-0.67, 0.04, 0.44, -0.2
-0.6, 0.03, 0.39, -0.18
-0.5, 0.02, 0.32, -0.16
-0.36, 0.01, 0.24, -0.12
-0.2, 0.0, 0.13, -0.07
0.0, 0.0, 0.0, 0.0
0.0, 0.0, 0.0, 0.0
0.0, 0.0, 0.0, 0.0
0.0, 0.0, 0.0, 0.0
0.0, 0.0, 0.0, 0.0
0.0, 0.0, 0.0, 0.0
0.0, 0.0, 0.0, 0.0
0.0, 0.0, 0.0, 0.0
0.0, 0.0, 0.0, 0.0
0.0, 0.0, 0.0, 0.0
0.0, 0.0, 0.0, 0.0
0.0, 0.0, 0.0, 0.0
-2.7, -0.3, 1.8, -1.2
-2.71, -0.22, 1.73, -1.19
-2.71, -0.15, 1.66, -1.2
-2.68, -0.1, 1.57, -1.22
-2.61, -0.06, 1.46, -1.22
-2.48, -0.04, 1.32, -1.19
-2.25, -0.02, 1.15, -1.11
-1.91, -0.01, 0.94, -0.97
-1.43, 0.0, 0.68, -0.75
-0.8, 0.0, 0.37, -0.43
0.0, 0.0, 0.0, 0.0
-2.78, -0.29, 1.8, -1.27
-2.76, -0.23, 1.73, -1.27
-2.74, -0.18, 1.65, -1.27
-2.69, -0.14, 1.55, -1.27
-2.59, -0.1, 1.44, -1.26
-2.44, -0.07, 1.3, -1.21
-2.19, -0.05, 1.12, -1.12
-1.85, -0.03, 0.91, -0.96
-1.38, -0.01, 0.66, -0.73
-0.77, 0.0, 0.36, -0.42
0.0, 0.0, 0.0, 0.0
-2.82, -0.27, 1.79, -1.31
-2.79, -0.23, 1.71, -1.31
-2.75, -0.2, 1.62, -1.32
-2.68, -0.16, 1.52, -1.32
-2.57, -0.13, 1.41, -1.29
-2.39, -0.1, 1.26, -1.23
-2.14, -0.07, 1.09, -1.12
-1.79, -0.05, 0.88, -0.96
-1.33, -0.03, 0.63, -0.73
-0.74, -0.01, 0.34, -0.41
0.0, 0.0, 0.0, 0.0
-2.82, -0.24, 1.75, -1.3
-2.78, -0.22, 1.67, -1.32
-2.72, -0.2, 1.58, -1.34
-2.64, -0.17, 1.48, -1.34
-2.52, -0.15, 1.36, -1.31
-2.33, -0.12, 1.22, -1.24
-2.08, -0.09, 1.05, -1.12
-1.73, -0.07, 0.85, -0.95
-1.28, -0.04, 0.61, -0.71
-0.71, -0.02, 0.33, -0.4
0.0, 0.0, 0.0, 0.0
-2.74, -0.19, 1.68, -1.25
-2.7, -0.2, 1.6, -1.3
-2.64, -0.19, 1.51, -1.32
-2.56, -0.18, 1.41, -1.33
-2.43, -0.16, 1.29, -1.3
-2.24, -0.14, 1.15, -1.23
-1.99, -0.11, 0.99, -1.11
-1.65, -0.08, 0.8, -0.93
-1.21, -0.06, 0.57, -0.7
-0.67, -0.03, 0.31, -0.39
0.0, 0.0, 0.0, 0.0
-2.59, -0.15, 1.58, -1.16
-2.55, -0.17, 1.49, -1.23
-2.49, -0.17, 1.4, -1.26
-2.4, -0.17, 1.3, -1.27
-2.28, -0.16, 1.19, -1.25
-2.1, -0.15, 1.06, -1.18
-1.85, -0.12, 0.91, -1.06
-1.53, -0.1, 0.73, -0.89
-1.12, -0.07, 0.53, -0.66
-0.62, -0.03, 0.28, -0.37
0.0, 0.0, 0.0, 0.0
-2.33, -0.11, 1.41, -1.03
-2.3, -0.13, 1.33, -1.1
-2.25, -0.15, 1.25, -1.15
-2.17, -0.16, 1.16, -1.17
-2.05, -0.15, 1.05, -1.15
-1.88, -0.14, 0.94, -1.08
-1.66, -0.12, 0.81, -0.98
-1.37, -0.1, 0.65, -0.82
-1.0, -0.07, 0.46, -0.61
-0.55, -0.04, 0.25, -0.33
0.0, 0.0, 0.0, 0.0
-1.96, -0.06, 1.18, -0.85
-1.94, -0.1, 1.11, -0.93
-1.9, -0.12, 1.04, -0.98
-1.83, -0.13, 0.96, -1.0
-1.72, -0.13, 0.87, -0.98
-1.58, -0.13, 0.78, -0.93
-1.39, -0.12, 0.67, -0.84
-1.14, -0.1, 0.54, -0.7
-0.83, -0.07, 0.39, -0.52
-0.46, -0.04, 0.21, -0.29
0.0, 0.0, 0.0, 0.0
-1.46, -0.03, 0.88, -0.61
-1.45, -0.06, 0.82, -0.69
-1.42, -0.08, 0.76, -0.73
-1.36, -0.1, 0.71, -0.75
-1.29, -0.1, 0.64, -0.75
-1.18, -0.1, 0.57, -0.71
-1.03, -0.09, 0.49, -0.64
-0.85, -0.08, 0.4, -0.53
-0.62, -0.06, 0.28, -0.39
-0.34, -0.03, 0.15, -0.22
0.0, 0.0, 0.0, 0.0
-0.81, -0.01, 0.49, -0.33
-0.81, -0.03, 0.45, -0.38
-0.79, -0.04, 0.42, -0.41
-0.76, -0.05, 0.39, -0.43
-0.72, -0.06, 0.35, -0.42
-0.66, -0.06, 0.31, -0.4
-0.58, -0.06, 0.27, -0.36
-0.47, -0.05, 0.22, -0.3
-0.34, -0.04, 0.16, -0.22
-0.19, -0.02, 0.08, -0.12
0.0, 0.0, 0.0, 0.0
0.0, 0.0, 0.0, 0.0
0.0, 0.0, 0.0, 0.0
0.0, 0.0, 0.0, 0.0
0.0, 0.0, 0.0, 0.0
0.0, 0.0, 0.0, 0.0
0.0, 0.0, 0.0, 0.0
0.0, 0.0, 0.0, 0.0
0.0, 0.0, 0.0, 0.0
0.0, 0.0, 0.0, 0.0
0.0, 0.0, 0.0, 0.0
0.0, 0.0, 0.0, 0.0
-2.65, -0.3, 0.94, -2.01
-2.5, -0.29, 0.95, -1.84
-2.41, -0.27, 1.0, -1.68
-2.36, -0.24, 1.06, -1.53
-2.3, -0.19, 1.11, -1.39
-2.21, -0.15, 1.13, -1.23
-2.04, -0.11, 1.1, -1.05
-1.77, -0.06, 0.99, -0.85
-1.37, -0.03, 0.79, -0.61
-0.79, -0.01, 0.46, -0.33
0.0, 0.0, 0.0, 0.0
-2.63, -0.22, 0.94, -1.91
-2.48, -0.23, 0.93, -1.78
-2.39, -0.22, 0.97, -1.64
-2.34, -0.19, 1.02, -1.5
-2.28, -0.15, 1.07, -1.36
-2.19, -0.11, 1.1, -1.2
-2.03, -0.06, 1.07, -1.02
-1.76, -0.03, 0.97, -0.81
-1.36, 0.0, 0.78, -0.58
-0.78, 0.01, 0.46, -0.31
0.0, 0.0, 0.0, 0.0
-2.57, -0.15, 0.93, -1.79
-2.42, -0.17, 0.91, -1.69
-2.34, -0.17, 0.93, -1.58
-2.29, -0.14, 0.99, -1.45
-2.24, -0.11, 1.04, -1.31
-2.15, -0.07, 1.07, -1.15
-2.0, -0.03, 1.05, -0.97
-1.73, 0.01, 0.95, -0.77
-1.34, 0.03, 0.76, -0.54
-0.77, 0.03, 0.46, -0.29
0.0, 0.0, 0.0, 0.0
-2.46, -0.1, 0.91, -1.65
-2.32, -0.13, 0.87, -1.58
-2.26, -0.12, 0.9, -1.48
-2.21, -0.1, 0.94, -1.37
-2.17, -0.07, 1.0, -1.24
-2.09, -0.03, 1.03, -1.09
-1.94, 0.01, 1.01, -0.92
-1.68, 0.04, 0.93, -0.72
-1.3, 0.05, 0.75, -0.5
-0.75, 0.04, 0.45, -0.26
0.0, 0.0, 0.0, 0.0
-2.29, -0.06, 0.87, -1.49
-2.18, -0.09, 0.83, -1.44
-2.13, -0.09, 0.85, -1.37
-2.09, -0.07, 0.89, -1.27
-2.06, -0.04, 0.94, -1.15
-1.98, 0.0, 0.98, -1.01
-1.84, 0.03, 0.96, -0.84
-1.6, 0.06, 0.88, -0.66
-1.24, 0.06, 0.71, -0.46
-0.71, 0.05, 0.43, -0.24
0.0, 0.0, 0.0, 0.0
-2.08, -0.04, 0.81, -1.31
-1.99, -0.06, 0.77, -1.28
-1.95, -0.06, 0.78, -1.22
-1.93, -0.04, 0.82, -1.14
-1.9, -0.01, 0.87, -1.03
-1.83, 0.02, 0.9, -0.9
-1.7, 0.05, 0.89, -0.76
-1.48, 0.07, 0.82, -0.59
-1.14, 0.07, 0.67, -0.41
-0.66, 0.05, 0.4, -0.21
0.0, 0.0, 0.0, 0.0
-1.8, -0.02, 0.72, -1.1
-1.73, -0.03, 0.68, -1.09
-1.71, -0.03, 0.69, -1.05
-1.7, -0.01, 0.73, -0.98
-1.67, 0.01, 0.77, -0.89
-1.62, 0.04, 0.8, -0.78
-1.51, 0.06, 0.8, -0.65
-1.31, 0.07, 0.73, -0.5
-1.01, 0.07, 0.59, -0.34
-0.58, 0.05, 0.36, -0.18
0.0, 0.0, 0.0, 0.0
-1.45, -0.01, 0.6, -0.86
-1.41, -0.02, 0.57, -0.86
-1.4, -0.01, 0.57, -0.84
-1.4, 0.0, 0.61, -0.79
-1.38, 0.02, 0.64, -0.72
-1.34, 0.05, 0.67, -0.63
-1.25, 0.06, 0.67, -0.52
-1.09, 0.07, 0.61, -0.4
-0.84, 0.07, 0.5, -0.27
-0.48, 0.04, 0.3, -0.14
0.0, 0.0, 0.0, 0.0
-1.04, 0.0, 0.44, -0.6
-1.02, -0.01, 0.42, -0.61
-1.02, 0.0, 0.42, -0.59
-1.02, 0.01, 0.45, -0.56
-1.01, 0.03, 0.48, -0.51
-0.98, 0.04, 0.5, -0.45
-0.92, 0.05, 0.49, -0.37
-0.8, 0.06, 0.46, -0.29
-0.62, 0.05, 0.37, -0.19
-0.35, 0.03, 0.22, -0.1
0.0, 0.0, 0.0, 0.0
-0.56, 0.0, 0.24, -0.32
-0.55, 0.0, 0.23, -0.32
-0.56, 0.0, 0.23, -0.32
-0.56, 0.01, 0.25, -0.3
-0.56, 0.02, 0.26, -0.27
-0.54, 0.03, 0.27, -0.24
-0.5, 0.03, 0.27, -0.2
-0.44, 0.03, 0.25, -0.15
-0.34, 0.03, 0.2, -0.1
-0.19, 0.02, 0.12, -0.05
0.0, 0.0, 0.0, 0.0
0.0, 0.0, 0.0, 0.0
0.0, 0.0, 0.0, 0.0
0.0, 0.0, 0.0, 0.0
0.0, 0.0, 0.0, 0.0
0.0, 0.0, 0.0, 0.0
0.0, 0.0, 0.0, 0.0
0.0, 0.0, 0.0, 0.0
0.0, 0.0, 0.0, 0.0
0.0, 0.0, 0.0, 0.0
0.0, 0.0, 0.0, 0.0
0.0, 0.0, 0.0, 0.0
-2.7, 0.0, 1.8, -0.9
-2.7, 0.08, 1.72, -0.89
-2.67, 0.14, 1.62, -0.91
-2.62, 0.19, 1.49, -0.94
-2.51, 0.22, 1.34, -0.96
-2.34, 0.22, 1.17, -0.95
-2.1, 0.22, 0.97, -0.91
-1.75, 0.19, 0.76, -0.8
-1.3, 0.14, 0.53, -0.63
-0.72, 0.08, 0.27, -0.37
0.0, 0.0, 0.0, 0.0
-2.78, 0.01, 1.68, -1.09
-2.75, 0.07, 1.63, -1.06
-2.71, 0.12, 1.55, -1.04
-2.63, 0.15, 1.45, -1.03
-2.52, 0.18, 1.32, -1.02
-2.34, 0.19, 1.16, -0.98
-2.08, 0.19, 0.98, -0.91
-1.73, 0.17, 0.77, -0.79
-1.28, 0.13, 0.54, -0.61
-0.71, 0.08, 0.28, -0.35
0.0, 0.0, 0.0, 0.0
-2.82, 0.03, 1.57, -1.22
-2.78, 0.07, 1.54, -1.17
-2.72, 0.1, 1.48, -1.14
-2.63, 0.13, 1.39, -1.11
-2.5, 0.15, 1.28, -1.07
-2.31, 0.16, 1.14, -1.01
-2.06, 0.16, 0.97, -0.92
-1.71, 0.15, 0.78, -0.78
-1.26, 0.12, 0.55, -0.59
-0.7, 0.07, 0.29, -0.34
0.0, 0.0, 0.0, 0.0
-2.82, 0.06, 1.47, -1.29
-2.76, 0.07, 1.44, -1.24
-2.69, 0.09, 1.39, -1.2
-2.59, 0.11, 1.32, -1.16
-2.45, 0.12, 1.22, -1.11
-2.27, 0.13, 1.1, -1.03
-2.01, 0.13, 0.95, -0.93
-1.67, 0.12, 0.76, -0.78
-1.23, 0.1, 0.54, -0.58
-0.68, 0.06, 0.29, -0.33
0.0, 0.0, 0.0, 0.0
-2.74, 0.09, 1.36, -1.3
-2.67, 0.08, 1.33, -1.26
-2.6, 0.09, 1.29, -1.22
-2.5, 0.09, 1.23, -1.18
-2.36, 0.1, 1.14, -1.12
-2.17, 0.11, 1.03, -1.03
-1.92, 0.11, 0.9, -0.92
-1.6, 0.1, 0.73, -0.77
-1.17, 0.08, 0.52, -0.57
-0.65, 0.05, 0.28, -0.32
0.0, 0.0, 0.0, 0.0
-2.59, 0.11, 1.24, -1.24
-2.52, 0.1, 1.2, -1.22
-2.44, 0.09, 1.16, -1.19
-2.34, 0.08, 1.11, -1.15
-2.21, 0.08, 1.04, -1.09
-2.03, 0.08, 0.94, -1.0
-1.79, 0.08, 0.82, -0.89
-1.49, 0.08, 0.67, -0.74
-1.09, 0.06, 0.49, -0.54
-0.6, 0.04, 0.27, -0.3
0.0, 0.0, 0.0, 0.0
-2.33, 0.13, 1.09, -1.12
-2.26, 0.1, 1.05, -1.11
-2.19, 0.08, 1.01, -1.1
-2.1, 0.07, 0.96, -1.06
-1.98, 0.07, 0.9, -1.01
-1.82, 0.06, 0.82, -0.93
-1.6, 0.06, 0.72, -0.82
-1.33, 0.05, 0.59, -0.68
-0.98, 0.04, 0.43, -0.5
-0.54, 0.03, 0.24, -0.27
0.0, 0.0, 0.0, 0.0
-1.96, 0.13, 0.9, -0.93
-1.9, 0.1, 0.86, -0.94
-1.84, 0.08, 0.82, -0.94
-1.76, 0.06, 0.78, -0.92
-1.65, 0.05, 0.73, -0.87
-1.52, 0.04, 0.67, -0.81
-1.34, 0.04, 0.59, -0.71
-1.11, 0.03, 0.49, -0.59
-0.82, 0.03, 0.36, -0.43
-0.45, 0.02, 0.2, -0.23
0.0, 0.0, 0.0, 0.0
-1.46, 0.12, 0.66, -0.68
-1.41, 0.09, 0.62, -0.7
-1.36, 0.06, 0.59, -0.71
-1.3, 0.05, 0.56, -0.7
-1.23, 0.03, 0.53, -0.67
-1.13, 0.03, 0.48, -0.62
-1.0, 0.02, 0.43, -0.54
-0.82, 0.02, 0.36, -0.45
-0.61, 0.01, 0.27, -0.33
-0.33, 0.01, 0.15, -0.18
0.0, 0.0, 0.0, 0.0
-0.81, 0.07, 0.37, -0.37
-0.79, 0.05, 0.34, -0.39
-0.76, 0.04, 0.32, -0.4
-0.72, 0.03, 0.3, -0.39
-0.68, 0.02, 0.28, -0.38
-0.63, 0.01, 0.26, -0.35
-0.55, 0.01, 0.23, -0.31
-0.46, 0.01, 0.2, -0.26
-0.34, 0.0, 0.15, -0.19
-0.18, 0.0, 0.08, -0.1
0.0, 0.0, 0.0, 0.0
0.0, 0.0, 0.0, 0.0
0.0, 0.0, 0.0, 0.0
0.0, 0.0, 0.0, 0.0
0.0, 0.0, 0.0, 0.0
0.0, 0.0, 0.0, 0.0
0.0, 0.0, 0.0, 0.0
0.0, 0.0, 0.0, 0.0
0.0, 0.0, 0.0, 0.0
0.0, 0.0, 0.0, 0.0
0.0, 0.0, 0.0, 0.0
0.0, 0.0, 0.0, 0.0
-1.9, 0.0, 0.6, -1.3
-1.83, -0.02, 0.67, -1.17
-1.58, -0.06, 0.71, -0.93
-1.21, -0.12, 0.72, -0.62
-0.78, -0.19, 0.69, -0.28
-0.35, -0.25, 0.64, 0.04
0.04, -0.29, 0.56, 0.31
0.32, -0.29, 0.45, 0.48
0.45, -0.25, 0.32, 0.51
0.36, -0.16, 0.17, 0.37
0.0, 0.0, 0.0, 0.0
-1.9, 0.08, 0.61, -1.21
-1.58, 0.04, 0.71, -0.83
-1.19, -0.01, 0.77, -0.43
-0.77, -0.07, 0.78, -0.05
-0.35, -0.13, 0.76, 0.29
0.03, -0.18, 0.7, 0.56
0.33, -0.21, 0.61, 0.73
0.52, -0.21, 0.49, 0.79
0.55, -0.19, 0.34, 0.71
0.39, -0.12, 0.18, 0.45
0.0, 0.0, 0.0, 0.0
-1.89, 0.14, 0.62, -1.13
-1.38, 0.08, 0.75, -0.55
-0.88, 0.02, 0.82, -0.04
-0.41, -0.04, 0.85, 0.4
0.01, -0.09, 0.82, 0.74
0.35, -0.13, 0.76, 0.98
0.58, -0.16, 0.66, 1.09
0.69, -0.16, 0.53, 1.06
0.65, -0.13, 0.37, 0.88
0.42, -0.08, 0.2, 0.54
0.0, 0.0, 0.0, 0.0
-1.87, 0.19, 0.64, -1.04
-1.22, 0.1, 0.78, -0.34
-0.63, 0.03, 0.86, 0.26
-0.13, -0.03, 0.89, 0.73
0.29, -0.08, 0.87, 1.08
0.6, -0.11, 0.81, 1.3
0.78, -0.12, 0.71, 1.37
0.83, -0.12, 0.57, 1.28
0.72, -0.1, 0.4, 1.03
0.45, -0.06, 0.21, 0.61
0.0, 0.0, 0.0, 0.0
-1.81, 0.22, 0.65, -0.94
-1.08, 0.11, 0.79, -0.18
-0.44, 0.02, 0.88, 0.46
0.08, -0.04, 0.91, 0.95
0.48, -0.08, 0.9, 1.31
0.77, -0.1, 0.84, 1.51
0.91, -0.1, 0.74, 1.55
0.92, -0.09, 0.6, 1.42
0.77, -0.07, 0.43, 1.13
0.47, -0.04, 0.23, 0.66
0.0, 0.0, 0.0, 0.0
-1.7, 0.22, 0.64, -0.84
-0.94, 0.1, 0.77, -0.06
-0.3, 0.01, 0.86, 0.57
0.21, -0.05, 0.9, 1.06
0.6, -0.08, 0.89, 1.41
0.86, -0.1, 0.84, 1.6
0.97, -0.09, 0.74, 1.62
0.95, -0.08, 0.61, 1.48
0.79, -0.05, 0.44, 1.17
0.47, -0.03, 0.24, 0.68
0.0, 0.0, 0.0, 0.0
-1.53, 0.22, 0.6, -0.72
-0.8, 0.09, 0.72, 0.01
-0.2, 0.0, 0.8, 0.6
0.28, -0.06, 0.84, 1.06
0.64, -0.09, 0.84, 1.39
0.87, -0.1, 0.79, 1.56
0.96, -0.09, 0.71, 1.58
0.92, -0.07, 0.59, 1.44
0.75, -0.04, 0.43, 1.14
0.45, -0.02, 0.23, 0.66
0.0, 0.0, 0.0, 0.0
-1.29, 0.19, 0.53, -0.58
-0.65, 0.07, 0.63, 0.04
-0.13, -0.02, 0.7, 0.55
0.29, -0.07, 0.73, 0.95
0.6, -0.09, 0.73, 1.24
0.79, -0.09, 0.7, 1.39
0.86, -0.08, 0.63, 1.41
0.82, -0.06, 0.52, 1.29
0.67, -0.03, 0.38, 1.02
0.39, -0.01, 0.21, 0.59
0.0, 0.0, 0.0, 0.0
-0.97, 0.14, 0.41, -0.41
-0.48, 0.04, 0.48, 0.05
-0.07, -0.02, 0.53, 0.43
0.24, -0.06, 0.56, 0.74
0.48, -0.08, 0.56, 0.96
0.62, -0.08, 0.54, 1.08
0.68, -0.07, 0.49, 1.1
0.64, -0.05, 0.41, 1.01
0.52, -0.03, 0.3, 0.8
0.31, -0.01, 0.17, 0.47
0.0, 0.0, 0.0, 0.0
-0.54, 0.08, 0.24, -0.22
-0.26, 0.02, 0.28, 0.03
-0.04, -0.02, 0.3, 0.25
0.14, -0.04, 0.32, 0.42
0.28, -0.05, 0.32, 0.55
0.36, -0.05, 0.31, 0.62
0.39, -0.04, 0.28, 0.63
0.37, -0.03, 0.24, 0.58
0.3, -0.02, 0.18, 0.46
0.18, 0.0, 0.1, 0.27
0.0, 0.0, 0.0, 0.0
0.0, 0.0, 0.0, 0.0
0.0, 0.0, 0.0, 0.0
0.0, 0.0, 0.0, 0.0
0.0, 0.0, 0.0, 0.0
0.0, 0.0, 0.0, 0.0
0.0, 0.0, 0.0, 0.0
0.0, 0.0, 0.0, 0.0
0.0, 0.0, 0.0, 0.0
0.0, 0.0, 0.0, 0.0
0.0, 0.0, 0.0, 0.0
0.0, 0.0, 0.0, 0.0
2.6, -0.66, 1.43, 3.37
2.52, -0.48, 1.6, 3.64
2.44, -0.34, 1.73, 3.84
2.36, -0.23, 1.8, 3.93
2.25, -0.14, 1.8, 3.9
2.09, -0.08, 1.73, 3.73
1.87, -0.04, 1.57, 3.39
1.56, -0.02, 1.33, 2.87
1.16, -0.01, 0.99, 2.15
0.65, 0.0, 0.55, 1.2
0.0, 0.0, 0.0, 0.0
2.73, -0.64, 1.26, 3.35
2.62, -0.48, 1.49, 3.62
2.52, -0.36, 1.65, 3.82
2.42, -0.25, 1.76, 3.93
2.3, -0.17, 1.79, 3.92
2.13, -0.11, 1.74, 3.77
1.91, -0.06, 1.6, 3.45
1.6, -0.03, 1.37, 2.94
1.19, -0.01, 1.03, 2.21
0.67, 0.0, 0.57, 1.24
0.0, 0.0, 0.0, 0.0
2.82, -0.59, 1.13, 3.35
2.68, -0.46, 1.38, 3.6
2.57, -0.35, 1.58, 3.8
2.45, -0.26, 1.72, 3.91
2.33, -0.19, 1.77, 3.91
2.16, -0.13, 1.74, 3.77
1.93, -0.08, 1.62, 3.46
1.62, -0.05, 1.39, 2.96
1.21, -0.03, 1.05, 2.24
0.68, -0.01, 0.59, 1.26
0.0, 0.0, 0.0, 0.0
2.84, -0.52, 1.01, 3.34
2.69, -0.42, 1.29, 3.56
2.57, -0.33, 1.51, 3.74
2.45, -0.26, 1.66, 3.85
2.32, -0.19, 1.73, 3.85
2.15, -0.14, 1.71, 3.72
1.92, -0.1, 1.6, 3.43
1.62, -0.06, 1.38, 2.94
1.21, -0.04, 1.05, 2.22
0.68, -0.02, 0.59, 1.25
0.0, 0.0, 0.0, 0.0
2.79, -0.43, 0.9, 3.27
2.63, -0.36, 1.19, 3.46
2.5, -0.3, 1.42, 3.63
2.39, -0.24, 1.58, 3.72
2.26, -0.19, 1.66, 3.72
2.09, -0.15, 1.65, 3.6
1.87, -0.11, 1.55, 3.31
1.57, -0.08, 1.35, 2.84
1.18, -0.05, 1.03, 2.15
0.66, -0.02, 0.58, 1.22
0.0, 0.0, 0.0, 0.0
2.65, -0.33, 0.8, 3.12
2.49, -0.29, 1.08, 3.28
2.37, -0.25, 1.3, 3.42
2.25, -0.21, 1.46, 3.5
2.13, -0.18, 1.55, 3.49
1.97, -0.15, 1.55, 3.37
1.76, -0.12, 1.46, 3.11
1.48, -0.09, 1.27, 2.67
1.11, -0.06, 0.97, 2.02
0.62, -0.03, 0.55, 1.14
0.0, 0.0, 0.0, 0.0
2.4, -0.23, 0.69, 2.85
2.25, -0.22, 0.94, 2.98
2.14, -0.2, 1.15, 3.09
2.03, -0.18, 1.3, 3.15
1.92, -0.16, 1.38, 3.14
1.78, -0.14, 1.39, 3.03
1.59, -0.11, 1.31, 2.79
1.34, -0.09, 1.14, 2.39
1.0, -0.06, 0.87, 1.82
0.56, -0.03, 0.5, 1.03
0.0, 0.0, 0.0, 0.0
2.02, -0.14, 0.56, 2.44
1.9, -0.15, 0.78, 2.53
1.8, -0.14, 0.95, 2.61
1.71, -0.14, 1.08, 2.66
1.62, -0.13, 1.15, 2.64
1.5, -0.12, 1.16, 2.54
1.34, -0.1, 1.1, 2.34
1.13, -0.08, 0.96, 2.01
0.84, -0.06, 0.74, 1.52
0.47, -0.03, 0.42, 0.86
0.0, 0.0, 0.0, 0.0
1.51, -0.07, 0.41, 1.85
1.42, -0.08, 0.57, 1.91
1.34, -0.09, 0.7, 1.96
1.28, -0.09, 0.8, 1.98
1.21, -0.09, 0.85, 1.97
1.12, -0.09, 0.86, 1.89
1.0, -0.08, 0.82, 1.74
0.84, -0.07, 0.71, 1.49
0.63, -0.05, 0.55, 1.13
0.35, -0.03, 0.31, 0.64
0.0, 0.0, 0.0, 0.0
0.84, -0.02, 0.22, 1.05
0.79, -0.03, 0.31, 1.07
0.75, -0.04, 0.39, 1.1
0.71, -0.05, 0.44, 1.11
0.67, -0.05, 0.47, 1.09
0.62, -0.05, 0.48, 1.05
0.56, -0.05, 0.45, 0.96
0.47, -0.04, 0.4, 0.82
0.35, -0.03, 0.3, 0.62
0.2, -0.02, 0.17, 0.35
0.0, 0.0, 0.0, 0.0
0.0, 0.0, 0.0, 0.0
0.0, 0.0, 0.0, 0.0
0.0, 0.0, 0.0, 0.0
0.0, 0.0, 0.0, 0.0
0.0, 0.0, 0.0, 0.0
0.0, 0.0, 0.0, 0.0
0.0, 0.0, 0.0, 0.0
0.0, 0.0, 0.0, 0.0
0.0, 0.0, 0.0, 0.0
0.0, 0.0, 0.0, 0.0
0.0, 0.0, 0.0, 0.0
3.3, -0.25, 2.4, 5.45
2.9, -0.02, 1.92, 4.8
2.64, 0.13, 1.54, 4.3
2.47, 0.21, 1.24, 3.92
2.34, 0.23, 1.02, 3.59
2.21, 0.22, 0.83, 3.26
2.04, 0.17, 0.68, 2.9
1.78, 0.12, 0.54, 2.44
1.38, 0.06, 0.39, 1.83
0.8, 0.02, 0.22, 1.04
0.0, 0.0, 0.0, 0.0
3.25, -0.18, 2.35, 5.42
2.87, 0.03, 1.93, 4.83
2.61, 0.17, 1.6, 4.38
2.45, 0.25, 1.33, 4.03
2.32, 0.29, 1.1, 3.72
2.2, 0.28, 0.92, 3.4
2.03, 0.25, 0.75, 3.03
1.77, 0.19, 0.59, 2.55
1.37, 0.13, 0.42, 1.92
0.8, 0.06, 0.23, 1.09
0.0, 0.0, 0.0, 0.0
3.12, -0.13, 2.21, 5.2
2.77, 0.06, 1.87, 4.7
2.54, 0.19, 1.6, 4.32
2.39, 0.28, 1.36, 4.02
2.27, 0.32, 1.16, 3.75
2.16, 0.32, 0.98, 3.46
1.99, 0.3, 0.81, 3.1
1.74, 0.25, 0.63, 2.62
1.35, 0.18, 0.45, 1.98
0.78, 0.09, 0.24, 1.12
0.0, 0.0, 0.0, 0.0
2.91, -0.09, 1.99, 4.82
2.6, 0.07, 1.75, 4.42
2.4, 0.19, 1.53, 4.13
2.28, 0.28, 1.34, 3.9
2.18, 0.32, 1.17, 3.68
2.08, 0.34, 1.01, 3.43
1.92, 0.32, 0.84, 3.09
1.68, 0.28, 0.67, 2.62
1.3, 0.21, 0.47, 1.99
0.76, 0.11, 0.25, 1.13
0.0, 0.0, 0.0, 0.0
2.63, -0.05, 1.73, 4.3
2.38, 0.08, 1.57, 4.02
2.22, 0.18, 1.42, 3.82
2.12, 0.26, 1.28, 3.67
2.05, 0.31, 1.14, 3.5
1.96, 0.33, 1.0, 3.29
1.82, 0.33, 0.85, 2.99
1.59, 0.29, 0.68, 2.56
1.23, 0.22, 0.49, 1.94
0.72, 0.13, 0.26, 1.11
0.0, 0.0, 0.0, 0.0
2.29, -0.03, 1.42, 3.68
2.1, 0.07, 1.34, 3.51
1.98, 0.16, 1.26, 3.4
1.92, 0.23, 1.17, 3.32
1.86, 0.28, 1.07, 3.22
1.79, 0.31, 0.96, 3.06
1.67, 0.31, 0.83, 2.8
1.46, 0.28, 0.67, 2.41
1.13, 0.22, 0.48, 1.84
0.66, 0.13, 0.26, 1.05
0.0, 0.0, 0.0, 0.0
1.9, -0.02, 1.1, 2.98
1.77, 0.06, 1.09, 2.91
1.7, 0.13, 1.06, 2.88
1.66, 0.19, 1.02, 2.86
1.62, 0.23, 0.96, 2.82
1.57, 0.26, 0.88, 2.71
1.46, 0.27, 0.77, 2.5
1.28, 0.25, 0.63, 2.16
0.99, 0.2, 0.46, 1.66
0.58, 0.12, 0.25, 0.95
0.0, 0.0, 0.0, 0.0
1.46, -0.01, 0.78, 2.24
1.39, 0.04, 0.81, 2.24
1.35, 0.09, 0.83, 2.27
1.34, 0.14, 0.82, 2.3
1.32, 0.18, 0.8, 2.3
1.28, 0.21, 0.74, 2.23
1.2, 0.22, 0.66, 2.08
1.05, 0.21, 0.55, 1.81
0.82, 0.17, 0.4, 1.39
0.47, 0.1, 0.22, 0.8
0.0, 0.0, 0.0, 0.0
1.0, 0.0, 0.48, 1.47
0.96, 0.02, 0.53, 1.52
0.96, 0.06, 0.57, 1.58
0.96, 0.09, 0.59, 1.63
0.95, 0.12, 0.58, 1.66
0.93, 0.14, 0.56, 1.63
0.87, 0.16, 0.5, 1.53
0.77, 0.15, 0.42, 1.34
0.59, 0.13, 0.31, 1.04
0.34, 0.08, 0.17, 0.6
0.0, 0.0, 0.0, 0.0
0.51, 0.0, 0.21, 0.72
0.5, 0.01, 0.26, 0.77
0.5, 0.02, 0.29, 0.82
0.51, 0.04, 0.31, 0.87
0.52, 0.06, 0.32, 0.89
0.51, 0.07, 0.31, 0.89
0.48, 0.08, 0.28, 0.84
0.42, 0.08, 0.24, 0.74
0.32, 0.07, 0.18, 0.57
0.19, 0.04, 0.1, 0.33
0.0, 0.0, 0.0, 0.0
0.0, 0.0, 0.0, 0.0
0.0, 0.0, 0.0, 0.0
0.0, 0.0, 0.0, 0.0
0.0, 0.0, 0.0, 0.0
0.0, 0.0, 0.0, 0.0
0.0, 0.0, 0.0, 0.0
0.0, 0.0, 0.0, 0.0
0.0, 0.0, 0.0, 0.0
0.0, 0.0, 0.0, 0.0
0.0, 0.0, 0.0, 0.0
0.0, 0.0, 0.0, 0.0
2.6, 0.0, 1.43, 4.03
2.54, 0.07, 1.61, 4.22
2.53, 0.12, 1.77, 4.42
2.53, 0.16, 1.87, 4.56
2.51, 0.18, 1.91, 4.59
2.43, 0.19, 1.87, 4.48
2.25, 0.18, 1.73, 4.17
1.96, 0.16, 1.49, 3.61
1.51, 0.12, 1.13, 2.76
0.87, 0.07, 0.64, 1.58
0.0, 0.0, 0.0, 0.0
2.54, 0.01, 1.59, 4.14
2.5, 0.06, 1.73, 4.29
2.5, 0.1, 1.85, 4.44
2.49, 0.13, 1.93, 4.54
2.46, 0.15, 1.94, 4.55
2.37, 0.16, 1.89, 4.41
2.19, 0.16, 1.74, 4.09
1.89, 0.14, 1.5, 3.53
1.45, 0.11, 1.14, 2.69
0.83, 0.06, 0.64, 1.53
0.0, 0.0, 0.0, 0.0
2.48, 0.02, 1.7, 4.21
2.47, 0.05, 1.82, 4.34
2.47, 0.08, 1.91, 4.46
2.46, 0.11, 1.97, 4.54
2.42, 0.12, 1.97, 4.51
2.32, 0.14, 1.9, 4.35
2.13, 0.14, 1.75, 4.01
1.83, 0.12, 1.5, 3.45
1.39, 0.1, 1.13, 2.62
0.79, 0.06, 0.64, 1.49
0.0, 0.0, 0.0, 0.0
2.4, 0.05, 1.76, 4.22
2.42, 0.06, 1.86, 4.34
2.43, 0.08, 1.93, 4.44
2.43, 0.09, 1.97, 4.49
2.38, 0.1, 1.96, 4.45
2.27, 0.11, 1.88, 4.27
2.08, 0.11, 1.73, 3.92
1.77, 0.1, 1.47, 3.35
1.34, 0.08, 1.11, 2.54
0.76, 0.05, 0.63, 1.43
0.0, 0.0, 0.0, 0.0
2.29, 0.07, 1.77, 4.13
2.33, 0.07, 1.85, 4.25
2.36, 0.07, 1.91, 4.35
2.36, 0.08, 1.94, 4.38
2.31, 0.09, 1.91, 4.31
2.2, 0.09, 1.83, 4.12
2.0, 0.09, 1.67, 3.76
1.69, 0.08, 1.43, 3.2
1.27, 0.07, 1.07, 2.41
0.71, 0.04, 0.6, 1.36
0.0, 0.0, 0.0, 0.0
2.13, 0.09, 1.7, 3.92
2.2, 0.08, 1.77, 4.04
2.24, 0.07, 1.82, 4.13
2.24, 0.07, 1.84, 4.15
2.19, 0.07, 1.81, 4.08
2.08, 0.07, 1.73, 3.88
1.88, 0.07, 1.58, 3.52
1.58, 0.06, 1.34, 2.99
1.18, 0.05, 1.01, 2.24
0.66, 0.03, 0.56, 1.25
0.0, 0.0, 0.0, 0.0
1.89, 0.11, 1.55, 3.55
1.98, 0.08, 1.61, 3.68
2.04, 0.07, 1.66, 3.76
2.04, 0.06, 1.67, 3.77
2.0, 0.06, 1.64, 3.69
1.88, 0.05, 1.57, 3.5
1.7, 0.05, 1.42, 3.17
1.42, 0.04, 1.21, 2.68
1.06, 0.04, 0.91, 2.0
0.59, 0.02, 0.51, 1.11
0.0, 0.0, 0.0, 0.0
1.58, 0.11, 1.31, 3.01
1.68, 0.08, 1.37, 3.13
1.73, 0.06, 1.4, 3.2
1.74, 0.05, 1.42, 3.21
1.7, 0.04, 1.39, 3.13
1.6, 0.04, 1.32, 2.96
1.44, 0.03, 1.2, 2.67
1.2, 0.03, 1.02, 2.25
0.89, 0.02, 0.76, 1.67
0.49, 0.01, 0.43, 0.93
0.0, 0.0, 0.0, 0.0
1.17, 0.1, 0.98, 2.25
1.26, 0.07, 1.03, 2.35
1.31, 0.05, 1.05, 2.41
1.32, 0.04, 1.06, 2.42
1.28, 0.03, 1.04, 2.36
1.21, 0.02, 0.99, 2.22
1.08, 0.02, 0.9, 2.0
0.9, 0.01, 0.76, 1.67
0.66, 0.01, 0.57, 1.24
0.36, 0.01, 0.32, 0.69
0.0, 0.0, 0.0, 0.0
0.65, 0.06, 0.55, 1.26
0.7, 0.04, 0.57, 1.32
0.74, 0.03, 0.59, 1.36
0.74, 0.02, 0.59, 1.36
0.73, 0.02, 0.58, 1.32
0.68, 0.01, 0.55, 1.24
0.61, 0.01, 0.5, 1.12
0.5, 0.0, 0.42, 0.93
0.37, 0.0, 0.32, 0.69
0.2, 0.0, 0.18, 0.38
0.0, 0.0, 0.0, 0.0
0.0, 0.0, 0.0, 0.0
0.0, 0.0, 0.0, 0.0
0.0, 0.0, 0.0, 0.0
0.0, 0.0, 0.0, 0.0
0.0, 0.0, 0.0, 0.0
0.0, 0.0, 0.0, 0.0
0.0, 0.0, 0.0, 0.0
0.0, 0.0, 0.0, 0.0
0.0, 0.0, 0.0, 0.0
0.0, 0.0, 0.0, 0.0
0.0, 0.0, 0.0, 0.0
2.7, 0.0, 2.4, 5.1
2.87, -0.01, 2.4, 5.26
2.99, -0.02, 2.39, 5.35
3.05, -0.05, 2.35, 5.35
3.02, -0.07, 2.27, 5.23
2.9, -0.09, 2.14, 4.94
2.65, -0.11, 1.92, 4.46
2.25, -0.11, 1.62, 3.76
1.69, -0.1, 1.21, 2.8
0.95, -0.06, 0.67, 1.56
0.0, 0.0, 0.0, 0.0
2.71, -0.07, 2.4, 5.04
2.84, -0.06, 2.4, 5.19
2.94, -0.05, 2.4, 5.28
2.99, -0.06, 2.36, 5.29
2.96, -0.07, 2.28, 5.17
2.84, -0.08, 2.14, 4.9
2.6, -0.08, 1.93, 4.44
2.22, -0.08, 1.62, 3.75
1.67, -0.07, 1.21, 2.81
0.94, -0.04, 0.67, 1.57
0.0, 0.0, 0.0, 0.0
2.74, -0.12, 2.38, 5.0
2.82, -0.1, 2.39, 5.12
2.9, -0.08, 2.38, 5.2
2.93, -0.08, 2.35, 5.2
2.89, -0.07, 2.27, 5.09
2.77, -0.07, 2.13, 4.83
2.53, -0.07, 1.92, 4.38
2.16, -0.06, 1.61, 3.71
1.63, -0.05, 1.2, 2.78
0.92, -0.03, 0.67, 1.56
0.0, 0.0, 0.0, 0.0
2.74, -0.16, 2.34, 4.92
2.79, -0.13, 2.35, 5.01
2.83, -0.11, 2.34, 5.07
2.84, -0.09, 2.31, 5.06
2.8, -0.08, 2.23, 4.95
2.67, -0.07, 2.09, 4.69
2.44, -0.06, 1.88, 4.26
2.08, -0.05, 1.58, 3.61
1.57, -0.04, 1.18, 2.71
0.89, -0.02, 0.66, 1.52
0.0, 0.0, 0.0, 0.0
2.7, -0.18, 2.25, 4.77
2.72, -0.15, 2.26, 4.82
2.73, -0.12, 2.26, 4.86
2.72, -0.1, 2.23, 4.84
2.66, -0.09, 2.15, 4.72
2.53, -0.07, 2.02, 4.48
2.31, -0.06, 1.81, 4.06
1.96, -0.04, 1.52, 3.44
1.48, -0.03, 1.13, 2.59
0.83, -0.02, 0.63, 1.45
0.0, 0.0, 0.0, 0.0
2.59, -0.19, 2.1, 4.5
2.57, -0.16, 2.11, 4.53
2.56, -0.14, 2.11, 4.54
2.53, -0.11, 2.08, 4.5
2.47, -0.09, 2.01, 4.39
2.33, -0.07, 1.89, 4.15
2.12, -0.05, 1.7, 3.76
1.8, -0.04, 1.42, 3.19
1.36, -0.02, 1.06, 2.39
0.76, -0.01, 0.59, 1.34
0.0, 0.0, 0.0, 0.0
2.38, -0.18, 1.88, 4.08
2.34, -0.16, 1.89, 4.08
2.31, -0.14, 1.89, 4.07
2.27, -0.11, 1.87, 4.02
2.19, -0.09, 1.8, 3.91
2.07, -0.07, 1.69, 3.69
1.87, -0.05, 1.52, 3.34
1.58, -0.03, 1.28, 2.83
1.19, -0.02, 0.95, 2.12
0.67, -0.01, 0.53, 1.19
0.0, 0.0, 0.0, 0.0
2.04, -0.16, 1.58, 3.46
1.99, -0.14, 1.59, 3.44
1.95, -0.12, 1.59, 3.41
1.9, -0.1, 1.57, 3.36
1.83, -0.08, 1.51, 3.26
1.71, -0.06, 1.42, 3.07
1.55, -0.04, 1.27, 2.77
1.31, -0.03, 1.07, 2.35
0.98, -0.01, 0.79, 1.76
0.55, 0.0, 0.44, 0.98
0.0, 0.0, 0.0, 0.0
1.55, -0.12, 1.17, 2.6
1.5, -0.11, 1.18, 2.57
1.46, -0.1, 1.18, 2.54
1.42, -0.08, 1.16, 2.49
1.35, -0.07, 1.12, 2.41
1.26, -0.05, 1.05, 2.26
1.13, -0.04, 0.95, 2.04
0.95, -0.02, 0.79, 1.72
0.71, -0.01, 0.59, 1.29
0.4, 0.0, 0.33, 0.72
0.0, 0.0, 0.0, 0.0
0.88, -0.07, 0.65, 1.46
0.85, -0.06, 0.66, 1.44
0.82, -0.06, 0.65, 1.42
0.79, -0.05, 0.65, 1.38
0.75, -0.04, 0.62, 1.33
0.7, -0.03, 0.58, 1.25
0.62, -0.02, 0.52, 1.12
0.52, -0.01, 0.44, 0.95
0.39, -0.01, 0.33, 0.71
0.22, 0.0, 0.18, 0.4
0.0, 0.0, 0.0, 0.0
0.0, 0.0, 0.0, 0.0
0.0, 0.0, 0.0, 0.0
0.0, 0.0, 0.0, 0.0
0.0, 0.0, 0.0, 0.0
0.0, 0.0, 0.0, 0.0
0.0, 0.0, 0.0, 0.0
0.0, 0.0, 0.0, 0.0
0.0, 0.0, 0.0, 0.0
0.0, 0.0, 0.0, 0.0
0.0, 0.0, 0.0, 0.0
0.0, 0.0, 0.0, 0.0
